"","recorder","Date","Time.start","Time.end","Call.type","Quality","Duration","time.hours","date.time","index","time.start.convert","time.end.convert","call.diff.s","call.response","call.response.binary"
"1","S10",20180619,"19:21:55","19:23:48","Long Call","high","0:01:53","19","20180619_19","S10_20180619",2021-02-03 19:21:55,2021-02-03 19:23:48,52,"No",0
"2","S10",20180619,"19:24:40","19:26:10","Short Call","low","0:01:30","19","20180619_19","S10_20180619",2021-02-03 19:24:40,2021-02-03 19:26:10,NA,"No",0
"3","S10",20180620,"1:18:59","1:20:20","Short Call","low","0:01:21","01","20180620_01","S10_20180620",2021-02-03 01:18:59,2021-02-03 01:20:20,924,"No",0
"4","S10",20180620,"1:35:44","1:37:30","Long Call","low","0:01:46","01","20180620_01","S10_20180620",2021-02-03 01:35:44,2021-02-03 01:37:30,0,"Yes",1
"5","S10",20180620,"1:37:30","1:39:05","Long Call","high","0:01:35","01","20180620_01","S10_20180620",2021-02-03 01:37:30,2021-02-03 01:39:05,52715,"No",0
"6","S10",20180620,"16:17:40","16:20:10","Long Call","high","0:02:30","16","20180620_16","S10_20180620",2021-02-03 16:17:40,2021-02-03 16:20:10,NA,"No",0
"7","S10",20180621,"3:43:29","3:44:09","Short Call","high","0:00:40","03","20180621_03","S10_20180621",2021-02-03 03:43:29,2021-02-03 03:44:09,0,"Yes",1
"8","S10",20180622,"17:06:12","17:06:25","Short Call","high","0:00:13","17","20180622_17","S10_20180622",2021-02-03 17:06:12,2021-02-03 17:06:25,0,"Yes",1
"9","S10",20180623,"15:27:42","15:27:53","Short Call","med","0:00:11","15","20180623_15","S10_20180623",2021-02-03 15:27:42,2021-02-03 15:27:53,0,"Yes",1
"10","S10",20180624,"14:01:09","14:03:14","Long Call","high","0:02:05","14","20180624_14","S10_20180624",2021-02-03 14:01:09,2021-02-03 14:03:14,0,"Yes",1
"11","S10",20180625,"0:21:30","0:23:45","Long Call","low","0:02:15","00","20180625_00","S10_20180625",2021-02-03 00:21:30,2021-02-03 00:23:45,34876,"No",0
"12","S10",20180625,"10:05:01","10:06:12","Long Call","med","0:01:11","10","20180625_10","S10_20180625",2021-02-03 10:05:01,2021-02-03 10:06:12,53,"No",0
"13","S10",20180625,"10:07:05","10:08:30","Long Call","high","0:01:25","10","20180625_10","S10_20180625",2021-02-03 10:07:05,2021-02-03 10:08:30,7965,"No",0
"14","S10",20180625,"12:21:15","12:22:31","Long Call","med","0:01:16","12","20180625_12","S10_20180625",2021-02-03 12:21:15,2021-02-03 12:22:31,NA,"No",0
"15","S10",20180626,"8:28:04","8:29:32","Long Call","med","0:01:28","08","20180626_08","S10_20180626",2021-02-03 08:28:04,2021-02-03 08:29:32,7574,"No",0
"16","S10",20180626,"10:35:46","10:37:08","Long Call","med","0:01:22","10","20180626_10","S10_20180626",2021-02-03 10:35:46,2021-02-03 10:37:08,1123,"No",0
"17","S10",20180626,"10:55:51","10:57:06","Long Call","med","0:01:15","10","20180626_10","S10_20180626",2021-02-03 10:55:51,2021-02-03 10:57:06,76,"No",0
"18","S10",20180626,"10:58:22","10:59:46","Long Call","high","0:01:24","10","20180626_10","S10_20180626",2021-02-03 10:58:22,2021-02-03 10:59:46,NA,"No",0
"19","S10",20180627,"7:51:57","7:53:28","Long Call","med","0:01:31","07","20180627_07","S10_20180627",2021-02-03 07:51:57,2021-02-03 07:53:28,1040,"No",0
"20","S10",20180627,"8:10:48","8:12:05","Long Call","med","0:01:17","08","20180627_08","S10_20180627",2021-02-03 08:10:48,2021-02-03 08:12:05,18197,"No",0
"21","S10",20180627,"13:15:22","13:16:46","Long Call","low","0:01:24","13","20180627_13","S10_20180627",2021-02-03 13:15:22,2021-02-03 13:16:46,NA,"No",0
"22","S10",20180628,"1:05:23","1:07:06","Long Call","high","0:01:43","01","20180628_01","S10_20180628",2021-02-03 01:05:23,2021-02-03 01:07:06,43859,"No",0
"24","S10",20180628,"13:18:05","13:19:13","Long Call","med","0:01:08","13","20180628_13","S10_20180628",2021-02-03 13:18:05,2021-02-03 13:19:13,1707,"No",0
"27","S10",20180628,"13:47:40","13:49:11","Long Call","med","0:01:31","13","20180628_13","S10_20180628",2021-02-03 13:47:40,2021-02-03 13:49:11,NA,"No",0
"29","S10",20180629,"10:51:43","10:53:08","Long Call","med","0:01:25","10","20180629_10","S10_20180629",2021-02-03 10:51:43,2021-02-03 10:53:08,2218,"No",0
"30","S10",20180629,"11:30:06","11:31:26","Long Call","low","0:01:20","11","20180629_11","S10_20180629",2021-02-03 11:30:06,2021-02-03 11:31:26,40282,"No",0
"31","S10",20180629,"22:42:48","22:44:36","Long Call","low","0:01:48","22","20180629_22","S10_20180629",2021-02-03 22:42:48,2021-02-03 22:44:36,74,"No",0
"32","S10",20180629,"22:45:50","22:47:36","Long Call","med","0:01:46","22","20180629_22","S10_20180629",2021-02-03 22:45:50,2021-02-03 22:47:36,NA,"No",0
"33","S10",20180630,"2:49:27","2:50:48","Long Call","low","0:01:21","02","20180630_02","S10_20180630",2021-02-03 02:49:27,2021-02-03 02:50:48,58353,"No",0
"34","S10",20180630,"19:03:21","19:04:38","Long Call","med","0:01:17","19","20180630_19","S10_20180630",2021-02-03 19:03:21,2021-02-03 19:04:38,22,"No",0
"35","S10",20180630,"19:05:00","19:06:51","Long Call","low","0:01:51","19","20180630_19","S10_20180630",2021-02-03 19:05:00,2021-02-03 19:06:51,NA,"No",0
"36","S10",20180701,"4:00:32","4:01:00","Short Call","low","0:00:28","04","20180701_04","S10_20180701",2021-02-03 04:00:32,2021-02-03 04:01:00,49,"No",0
"37","S10",20180701,"4:01:49","4:03:16","Long Call","med","0:01:27","04","20180701_04","S10_20180701",2021-02-03 04:01:49,2021-02-03 04:03:16,34,"No",0
"38","S10",20180701,"4:03:50","4:05:42","Long Call","low","0:01:52","04","20180701_04","S10_20180701",2021-02-03 04:03:50,2021-02-03 04:05:42,14672,"No",0
"39","S10",20180701,"8:10:14","8:11:41","Long Call","high","0:01:27","08","20180701_08","S10_20180701",2021-02-03 08:10:14,2021-02-03 08:11:41,38728,"No",0
"40","S10",20180701,"18:57:09","18:58:32","Long Call","low","0:01:23","18","20180701_18","S10_20180701",2021-02-03 18:57:09,2021-02-03 18:58:32,122,"No",0
"41","S10",20180701,"19:00:34","19:02:19","Long Call","med","0:01:45","19","20180701_19","S10_20180701",2021-02-03 19:00:34,2021-02-03 19:02:19,NA,"No",0
"42","S10",20180702,"14:16:16","14:17:14","Long Call","low","0:00:58","14","20180702_14","S10_20180702",2021-02-03 14:16:16,2021-02-03 14:17:14,-7,"No",0
"43","S10",20180702,"14:17:07","14:18:14","Long Call","med","0:01:07","14","20180702_14","S10_20180702",2021-02-03 14:17:07,2021-02-03 14:18:14,2871,"No",0
"44","S10",20180702,"15:06:05","15:07:33","Long Call","low","0:01:28","15","20180702_15","S10_20180702",2021-02-03 15:06:05,2021-02-03 15:07:33,NA,"No",0
"45","S10",20180703,"2:02:07","2:03:28","Long Call","low","0:01:21","02","20180703_02","S10_20180703",2021-02-03 02:02:07,2021-02-03 02:03:28,70,"No",0
"46","S10",20180703,"2:04:38","2:07:12","Long Call","med","0:02:34","02","20180703_02","S10_20180703",2021-02-03 02:04:38,2021-02-03 02:07:12,27031,"No",0
"47","S10",20180703,"9:37:43","9:39:14","Long Call","med","0:01:31","09","20180703_09","S10_20180703",2021-02-03 09:37:43,2021-02-03 09:39:14,2672,"No",0
"48","S10",20180703,"10:23:46","10:25:09","Long Call","low","0:01:23","10","20180703_10","S10_20180703",2021-02-03 10:23:46,2021-02-03 10:25:09,30102,"No",0
"49","S10",20180703,"18:46:51","18:48:33","Long Call","high","0:01:42","18","20180703_18","S10_20180703",2021-02-03 18:46:51,2021-02-03 18:48:33,NA,"No",0
"1100","S11",20180214,"4:53:34","4:53:36","Short Call","med","0:00:02","04","20180214_04","S11_20180214",2021-02-03 04:53:34,2021-02-03 04:53:36,3,"No",0
"2100","S11",20180214,"4:53:39","4:53:41","Short Call","med","0:00:02","04","20180214_04","S11_20180214",2021-02-03 04:53:39,2021-02-03 04:53:41,3,"No",0
"3100","S11",20180214,"4:53:44","4:53:46","Short Call","med","0:00:02","04","20180214_04","S11_20180214",2021-02-03 04:53:44,2021-02-03 04:53:46,2,"No",0
"4100","S11",20180214,"4:53:48","4:53:50","Short Call","med","0:00:02","04","20180214_04","S11_20180214",2021-02-03 04:53:48,2021-02-03 04:53:50,2,"No",0
"594","S11",20180214,"4:53:52","4:53:55","Short Call","med","0:00:03","04","20180214_04","S11_20180214",2021-02-03 04:53:52,2021-02-03 04:53:55,3,"No",0
"683","S11",20180214,"4:53:58","4:54:00","Short Call","med","0:00:02","04","20180214_04","S11_20180214",2021-02-03 04:53:58,2021-02-03 04:54:00,5,"No",0
"710","S11",20180214,"4:54:05","4:54:07","Short Call","med","0:00:02","04","20180214_04","S11_20180214",2021-02-03 04:54:05,2021-02-03 04:54:07,12,"No",0
"810","S11",20180214,"4:54:19","4:54:21","Short Call","med","0:00:02","04","20180214_04","S11_20180214",2021-02-03 04:54:19,2021-02-03 04:54:21,9463,"No",0
"910","S11",20180214,"7:32:04","7:33:13","Long Call","high","0:01:09","07","20180214_07","S11_20180214",2021-02-03 07:32:04,2021-02-03 07:33:13,3233,"No",0
"1010","S11",20180214,"8:27:06","8:28:02","Long Call","low","0:00:56","08","20180214_08","S11_20180214",2021-02-03 08:27:06,2021-02-03 08:28:02,2755,"No",0
"1110","S11",20180214,"9:13:57","9:15:11","Long Call","high","0:01:14","09","20180214_09","S11_20180214",2021-02-03 09:13:57,2021-02-03 09:15:11,7,"No",0
"1210","S11",20180214,"9:15:18","9:15:20","Short Call","med","0:00:02","09","20180214_09","S11_20180214",2021-02-03 09:15:18,2021-02-03 09:15:20,7,"No",0
"1310","S11",20180214,"9:15:27","9:15:29","Short Call","med","0:00:02","09","20180214_09","S11_20180214",2021-02-03 09:15:27,2021-02-03 09:15:29,9,"No",0
"1410","S11",20180214,"9:15:38","9:15:41","Short Call","med","0:00:03","09","20180214_09","S11_20180214",2021-02-03 09:15:38,2021-02-03 09:15:41,6,"No",0
"1510","S11",20180214,"9:15:47","9:15:49","Short Call","med","0:00:02","09","20180214_09","S11_20180214",2021-02-03 09:15:47,2021-02-03 09:15:49,8,"No",0
"1610","S11",20180214,"9:15:57","9:15:58","Short Call","med","0:00:01","09","20180214_09","S11_20180214",2021-02-03 09:15:57,2021-02-03 09:15:58,3,"No",0
"1710","S11",20180214,"9:16:01","9:16:03","Short Call","med","0:00:02","09","20180214_09","S11_20180214",2021-02-03 09:16:01,2021-02-03 09:16:03,9,"No",0
"1810","S11",20180214,"9:16:12","9:16:14","Short Call","med","0:00:02","09","20180214_09","S11_20180214",2021-02-03 09:16:12,2021-02-03 09:16:14,14,"No",0
"1910","S11",20180214,"9:16:28","9:16:31","Short Call","med","0:00:03","09","20180214_09","S11_20180214",2021-02-03 09:16:28,2021-02-03 09:16:31,NA,"No",0
"2110","S11",20180215,"9:12:10","9:12:12","Short Call","med","0:00:02","09","20180215_09","S11_20180215",2021-02-03 09:12:10,2021-02-03 09:12:12,5,"No",0
"2210","S11",20180215,"9:12:17","9:12:19","Short Call","med","0:00:02","09","20180215_09","S11_20180215",2021-02-03 09:12:17,2021-02-03 09:12:19,5,"No",0
"23","S11",20180215,"9:12:24","9:12:26","Short Call","med","0:00:02","09","20180215_09","S11_20180215",2021-02-03 09:12:24,2021-02-03 09:12:26,7,"No",0
"2410","S11",20180215,"9:12:33","9:12:35","Short Call","med","0:00:02","09","20180215_09","S11_20180215",2021-02-03 09:12:33,2021-02-03 09:12:35,6,"No",0
"25","S11",20180215,"9:12:41","9:12:43","Short Call","med","0:00:02","09","20180215_09","S11_20180215",2021-02-03 09:12:41,2021-02-03 09:12:43,88,"No",0
"26","S11",20180215,"9:14:11","9:14:50","Long Call","high","0:00:39","09","20180215_09","S11_20180215",2021-02-03 09:14:11,2021-02-03 09:14:50,-15,"No",0
"2710","S11",20180215,"9:14:35","9:14:37","Short Call","med","0:00:02","09","20180215_09","S11_20180215",2021-02-03 09:14:35,2021-02-03 09:14:37,3,"No",0
"28","S11",20180215,"9:14:40","9:14:42","Short Call","med","0:00:02","09","20180215_09","S11_20180215",2021-02-03 09:14:40,2021-02-03 09:14:42,2,"No",0
"2910","S11",20180215,"9:14:44","9:14:46","Short Call","med","0:00:02","09","20180215_09","S11_20180215",2021-02-03 09:14:44,2021-02-03 09:14:46,1,"No",0
"3010","S11",20180215,"9:14:47","9:14:49","Short Call","med","0:00:02","09","20180215_09","S11_20180215",2021-02-03 09:14:47,2021-02-03 09:14:49,1,"No",0
"3110","S11",20180215,"9:14:50","9:14:52","Short Call","med","0:00:02","09","20180215_09","S11_20180215",2021-02-03 09:14:50,2021-02-03 09:14:52,1,"No",0
"3210","S11",20180215,"9:14:53","9:14:55","Short Call","med","0:00:02","09","20180215_09","S11_20180215",2021-02-03 09:14:53,2021-02-03 09:14:55,1,"No",0
"3310","S11",20180215,"9:14:56","9:14:58","Short Call","med","0:00:02","09","20180215_09","S11_20180215",2021-02-03 09:14:56,2021-02-03 09:14:58,8,"No",0
"3510","S11",20180215,"9:15:06","9:15:08","Short Call","med","0:00:02","09","20180215_09","S11_20180215",2021-02-03 09:15:06,2021-02-03 09:15:08,1,"No",0
"3610","S11",20180215,"9:15:09","9:15:11","Short Call","med","0:00:02","09","20180215_09","S11_20180215",2021-02-03 09:15:09,2021-02-03 09:15:11,0,"Yes",1
"3710","S11",20180215,"9:15:11","9:15:13","Short Call","med","0:00:02","09","20180215_09","S11_20180215",2021-02-03 09:15:11,2021-02-03 09:15:13,1,"No",0
"3810","S11",20180215,"9:15:14","9:15:16","Short Call","med","0:00:02","09","20180215_09","S11_20180215",2021-02-03 09:15:14,2021-02-03 09:15:16,2,"No",0
"3910","S11",20180215,"9:15:18","9:15:20","Short Call","med","0:00:02","09","20180215_09","S11_20180215",2021-02-03 09:15:18,2021-02-03 09:15:20,2,"No",0
"4010","S11",20180215,"9:15:22","9:15:31","Short Call","med","0:00:09","09","20180215_09","S11_20180215",2021-02-03 09:15:22,2021-02-03 09:15:31,69,"No",0
"4110","S11",20180215,"9:16:40","9:17:39","Long Call","high","0:00:59","09","20180215_09","S11_20180215",2021-02-03 09:16:40,2021-02-03 09:17:39,NA,"No",0
"4210","S11",20180216,"12:01:27","12:02:27","Long Call","high","0:01:00","12","20180216_12","S11_20180216",2021-02-03 12:01:27,2021-02-03 12:02:27,-31227,"No",0
"4310","S11",20180216,"3:22:00","3:22:02","Short Call","med","0:00:02","03","20180216_03","S11_20180216",2021-02-03 03:22:00,2021-02-03 03:22:02,6,"No",0
"4410","S11",20180216,"3:22:08","3:22:10","Short Call","med","0:00:02","03","20180216_03","S11_20180216",2021-02-03 03:22:08,2021-02-03 03:22:10,4,"No",0
"4510","S11",20180216,"3:22:14","3:22:16","Short Call","med","0:00:02","03","20180216_03","S11_20180216",2021-02-03 03:22:14,2021-02-03 03:22:16,2,"No",0
"4610","S11",20180216,"3:22:18","3:22:20","Short Call","med","0:00:02","03","20180216_03","S11_20180216",2021-02-03 03:22:18,2021-02-03 03:22:20,5,"No",0
"4710","S11",20180216,"3:22:25","3:22:27","Short Call","med","0:00:02","03","20180216_03","S11_20180216",2021-02-03 03:22:25,2021-02-03 03:22:27,0,"Yes",1
"4810","S11",20180216,"3:22:27","3:22:29","Short Call","med","0:00:02","03","20180216_03","S11_20180216",2021-02-03 03:22:27,2021-02-03 03:22:29,5,"No",0
"4910","S11",20180216,"3:22:34","3:22:36","Short Call","med","0:00:02","03","20180216_03","S11_20180216",2021-02-03 03:22:34,2021-02-03 03:22:36,-9,"No",0
"50","S11",20180216,"3:22:27","3:22:29","Short Call","med","0:00:02","03","20180216_03","S11_20180216",2021-02-03 03:22:27,2021-02-03 03:22:29,9,"No",0
"51","S11",20180216,"3:22:38","3:22:40","Short Call","med","0:00:02","03","20180216_03","S11_20180216",2021-02-03 03:22:38,2021-02-03 03:22:40,0,"Yes",1
"52","S11",20180216,"3:22:40","3:22:42","Short Call","med","0:00:02","03","20180216_03","S11_20180216",2021-02-03 03:22:40,2021-02-03 03:22:42,2,"No",0
"53","S11",20180216,"3:22:44","3:22:46","Short Call","med","0:00:02","03","20180216_03","S11_20180216",2021-02-03 03:22:44,2021-02-03 03:22:46,2,"No",0
"54","S11",20180216,"3:22:48","3:22:50","Short Call","med","0:00:02","03","20180216_03","S11_20180216",2021-02-03 03:22:48,2021-02-03 03:22:50,1,"No",0
"55","S11",20180216,"3:22:51","3:22:53","Short Call","med","0:00:02","03","20180216_03","S11_20180216",2021-02-03 03:22:51,2021-02-03 03:22:53,3,"No",0
"56","S11",20180216,"3:22:56","3:22:58","Short Call","med","0:00:02","03","20180216_03","S11_20180216",2021-02-03 03:22:56,2021-02-03 03:22:58,7,"No",0
"57","S11",20180216,"3:23:05","3:23:07","Short Call","med","0:00:02","03","20180216_03","S11_20180216",2021-02-03 03:23:05,2021-02-03 03:23:07,10,"No",0
"58","S11",20180216,"3:23:17","3:23:19","Short Call","med","0:00:02","03","20180216_03","S11_20180216",2021-02-03 03:23:17,2021-02-03 03:23:19,NA,"No",0
"59","S11",20180217,"8:38:01","8:39:04","Long Call","high","0:01:03","08","20180217_08","S11_20180217",2021-02-03 08:38:01,2021-02-03 08:39:04,13,"No",0
"60","S11",20180217,"8:39:17","8:39:19","Short Call","low","0:00:02","08","20180217_08","S11_20180217",2021-02-03 08:39:17,2021-02-03 08:39:19,3,"No",0
"61","S11",20180217,"8:39:22","8:39:24","Short Call","low","0:00:02","08","20180217_08","S11_20180217",2021-02-03 08:39:22,2021-02-03 08:39:24,9,"No",0
"62","S11",20180217,"8:39:33","8:39:35","Short Call","low","0:00:02","08","20180217_08","S11_20180217",2021-02-03 08:39:33,2021-02-03 08:39:35,6,"No",0
"63","S11",20180217,"8:39:41","8:39:43","Short Call","low","0:00:02","08","20180217_08","S11_20180217",2021-02-03 08:39:41,2021-02-03 08:39:43,8,"No",0
"64","S11",20180217,"8:39:51","8:39:53","Short Call","low","0:00:02","08","20180217_08","S11_20180217",2021-02-03 08:39:51,2021-02-03 08:39:53,7,"No",0
"65","S11",20180217,"8:40:00","8:40:02","Short Call","low","0:00:02","08","20180217_08","S11_20180217",2021-02-03 08:40:00,2021-02-03 08:40:02,13,"No",0
"66","S11",20180217,"8:40:15","8:40:17","Short Call","low","0:00:02","08","20180217_08","S11_20180217",2021-02-03 08:40:15,2021-02-03 08:40:17,NA,"No",0
"67","S11",20180218,"4:59:28","5:01:08","Long Call","low","0:01:40","04","20180218_04","S11_20180218",2021-02-03 04:59:28,2021-02-03 05:01:08,9150,"No",0
"68","S11",20180218,"7:33:38","7:34:43","Long Call","med","0:01:05","07","20180218_07","S11_20180218",2021-02-03 07:33:38,2021-02-03 07:34:43,9389,"No",0
"69","S11",20180218,"10:11:12","10:12:21","Long Call","high","0:01:09","10","20180218_10","S11_20180218",2021-02-03 10:11:12,2021-02-03 10:12:21,9,"No",0
"70","S11",20180218,"10:12:30","10:12:32","Short Call","med","0:00:02","10","20180218_10","S11_20180218",2021-02-03 10:12:30,2021-02-03 10:12:32,4,"No",0
"71","S11",20180218,"10:12:36","10:12:38","Short Call","med","0:00:02","10","20180218_10","S11_20180218",2021-02-03 10:12:36,2021-02-03 10:12:38,9,"No",0
"72","S11",20180218,"10:12:47","10:12:49","Short Call","med","0:00:02","10","20180218_10","S11_20180218",2021-02-03 10:12:47,2021-02-03 10:12:49,6,"No",0
"73","S11",20180218,"10:12:55","10:12:57","Short Call","med","0:00:02","10","20180218_10","S11_20180218",2021-02-03 10:12:55,2021-02-03 10:12:57,5,"No",0
"74","S11",20180218,"10:13:02","10:13:04","Short Call","med","0:00:02","10","20180218_10","S11_20180218",2021-02-03 10:13:02,2021-02-03 10:13:04,7,"No",0
"75","S11",20180218,"10:13:11","10:13:13","Short Call","med","0:00:02","10","20180218_10","S11_20180218",2021-02-03 10:13:11,2021-02-03 10:13:13,8,"No",0
"76","S11",20180218,"10:13:21","10:13:23","Short Call","med","0:00:02","10","20180218_10","S11_20180218",2021-02-03 10:13:21,2021-02-03 10:13:23,4,"No",0
"77","S11",20180218,"10:13:27","10:13:29","Short Call","med","0:00:02","10","20180218_10","S11_20180218",2021-02-03 10:13:27,2021-02-03 10:13:29,10,"No",0
"78","S11",20180218,"10:13:39","10:13:41","Short Call","med","0:00:02","10","20180218_10","S11_20180218",2021-02-03 10:13:39,2021-02-03 10:13:41,8,"No",0
"79","S11",20180218,"10:13:49","10:13:51","Short Call","med","0:00:02","10","20180218_10","S11_20180218",2021-02-03 10:13:49,2021-02-03 10:13:51,23,"No",0
"80","S11",20180218,"10:14:14","10:14:16","Short Call","med","0:00:02","10","20180218_10","S11_20180218",2021-02-03 10:14:14,2021-02-03 10:14:16,NA,"No",0
"81","S11",20180219,"4:12:14","4:13:48","Long Call","high","0:01:34","04","20180219_04","S11_20180219",2021-02-03 04:12:14,2021-02-03 04:13:48,-223,"No",0
"82","S11",20180219,"4:10:05","4:10:51","Long Call","low","0:00:46","04","20180219_04","S11_20180219",2021-02-03 04:10:05,2021-02-03 04:10:51,14498,"No",0
"83","S11",20180219,"8:12:29","8:12:31","Short Call","med","0:00:02","08","20180219_08","S11_20180219",2021-02-03 08:12:29,2021-02-03 08:12:31,6,"No",0
"84","S11",20180219,"8:12:37","8:12:39","Short Call","med","0:00:02","08","20180219_08","S11_20180219",2021-02-03 08:12:37,2021-02-03 08:12:39,4,"No",0
"85","S11",20180219,"8:12:43","8:12:45","Short Call","med","0:00:02","08","20180219_08","S11_20180219",2021-02-03 08:12:43,2021-02-03 08:12:45,1,"No",0
"86","S11",20180219,"8:12:46","8:12:48","Short Call","med","0:00:02","08","20180219_08","S11_20180219",2021-02-03 08:12:46,2021-02-03 08:12:48,2,"No",0
"87","S11",20180219,"8:12:50","8:12:52","Short Call","med","0:00:02","08","20180219_08","S11_20180219",2021-02-03 08:12:50,2021-02-03 08:12:52,2,"No",0
"88","S11",20180219,"8:12:54","8:12:56","Short Call","med","0:00:02","08","20180219_08","S11_20180219",2021-02-03 08:12:54,2021-02-03 08:12:56,1,"No",0
"89","S11",20180219,"8:12:57","8:12:59","Short Call","med","0:00:02","08","20180219_08","S11_20180219",2021-02-03 08:12:57,2021-02-03 08:12:59,2,"No",0
"90","S11",20180219,"8:13:01","8:13:03","Short Call","med","0:00:02","08","20180219_08","S11_20180219",2021-02-03 08:13:01,2021-02-03 08:13:03,1,"No",0
"91","S11",20180219,"8:13:04","8:13:06","Short Call","med","0:00:02","08","20180219_08","S11_20180219",2021-02-03 08:13:04,2021-02-03 08:13:06,2,"No",0
"92","S11",20180219,"8:13:08","8:13:10","Short Call","med","0:00:02","08","20180219_08","S11_20180219",2021-02-03 08:13:08,2021-02-03 08:13:10,2,"No",0
"93","S11",20180219,"8:13:12","8:13:14","Short Call","med","0:00:02","08","20180219_08","S11_20180219",2021-02-03 08:13:12,2021-02-03 08:13:14,2,"No",0
"94","S11",20180219,"8:13:16","8:13:18","Short Call","med","0:00:02","08","20180219_08","S11_20180219",2021-02-03 08:13:16,2021-02-03 08:13:18,5,"No",0
"95","S11",20180219,"8:13:23","8:13:25","Short Call","med","0:00:02","08","20180219_08","S11_20180219",2021-02-03 08:13:23,2021-02-03 08:13:25,6,"No",0
"96","S11",20180219,"8:13:31","8:13:33","Short Call","med","0:00:02","08","20180219_08","S11_20180219",2021-02-03 08:13:31,2021-02-03 08:13:33,3551,"No",0
"97","S11",20180219,"9:12:44","9:13:48","Long Call","high","0:01:04","09","20180219_09","S11_20180219",2021-02-03 09:12:44,2021-02-03 09:13:48,4,"No",0
"98","S11",20180219,"9:13:52","9:13:54","Short Call","med","0:00:02","09","20180219_09","S11_20180219",2021-02-03 09:13:52,2021-02-03 09:13:54,12,"No",0
"100","S11",20180219,"9:14:06","9:14:08","Short Call","med","0:00:02","09","20180219_09","S11_20180219",2021-02-03 09:14:06,2021-02-03 09:14:08,4,"No",0
"101","S11",20180219,"9:14:12","9:14:14","Short Call","med","0:00:02","09","20180219_09","S11_20180219",2021-02-03 09:14:12,2021-02-03 09:14:14,5,"No",0
"102","S11",20180219,"9:14:19","9:14:21","Short Call","med","0:00:02","09","20180219_09","S11_20180219",2021-02-03 09:14:19,2021-02-03 09:14:21,4,"No",0
"103","S11",20180219,"9:14:25","9:14:27","Short Call","med","0:00:02","09","20180219_09","S11_20180219",2021-02-03 09:14:25,2021-02-03 09:14:27,7,"No",0
"104","S11",20180219,"9:14:34","9:14:36","Short Call","med","0:00:02","09","20180219_09","S11_20180219",2021-02-03 09:14:34,2021-02-03 09:14:36,7,"No",0
"105","S11",20180219,"9:14:43","9:14:45","Short Call","med","0:00:02","09","20180219_09","S11_20180219",2021-02-03 09:14:43,2021-02-03 09:14:45,2297,"No",0
"106","S11",20180219,"9:53:02","9:53:42","Short Call","med","0:00:40","09","20180219_09","S11_20180219",2021-02-03 09:53:02,2021-02-03 09:53:42,-20,"No",0
"107","S11",20180219,"9:53:22","9:53:24","Short Call","med","0:00:02","09","20180219_09","S11_20180219",2021-02-03 09:53:22,2021-02-03 09:53:24,4,"No",0
"108","S11",20180219,"9:53:28","9:53:30","Short Call","med","0:00:02","09","20180219_09","S11_20180219",2021-02-03 09:53:28,2021-02-03 09:53:30,5,"No",0
"109","S11",20180219,"9:53:35","9:53:37","Short Call","med","0:00:02","09","20180219_09","S11_20180219",2021-02-03 09:53:35,2021-02-03 09:53:37,21,"No",0
"110","S11",20180219,"9:53:58","9:54:00","Short Call","med","0:00:02","09","20180219_09","S11_20180219",2021-02-03 09:53:58,2021-02-03 09:54:00,-19,"No",0
"111","S11",20180219,"9:53:41","9:53:43","Short Call","med","0:00:02","09","20180219_09","S11_20180219",2021-02-03 09:53:41,2021-02-03 09:53:43,0,"Yes",1
"112","S11",20180219,"9:53:43","9:53:45","Short Call","med","0:00:02","09","20180219_09","S11_20180219",2021-02-03 09:53:43,2021-02-03 09:53:45,1,"No",0
"113","S11",20180219,"9:53:46","9:53:48","Short Call","med","0:00:02","09","20180219_09","S11_20180219",2021-02-03 09:53:46,2021-02-03 09:53:48,2,"No",0
"114","S11",20180219,"9:53:50","9:53:52","Short Call","med","0:00:02","09","20180219_09","S11_20180219",2021-02-03 09:53:50,2021-02-03 09:53:52,3,"No",0
"115","S11",20180219,"9:53:55","9:53:57","Short Call","med","0:00:02","09","20180219_09","S11_20180219",2021-02-03 09:53:55,2021-02-03 09:53:57,0,"Yes",1
"116","S11",20180219,"9:53:57","9:53:59","Short Call","med","0:00:02","09","20180219_09","S11_20180219",2021-02-03 09:53:57,2021-02-03 09:53:59,2,"No",0
"117","S11",20180219,"9:54:01","9:54:03","Short Call","med","0:00:02","09","20180219_09","S11_20180219",2021-02-03 09:54:01,2021-02-03 09:54:03,2,"No",0
"118","S11",20180219,"9:54:05","9:54:07","Short Call","med","0:00:02","09","20180219_09","S11_20180219",2021-02-03 09:54:05,2021-02-03 09:54:07,4,"No",0
"119","S11",20180219,"9:54:11","9:54:13","Short Call","med","0:00:02","09","20180219_09","S11_20180219",2021-02-03 09:54:11,2021-02-03 09:54:13,5,"No",0
"120","S11",20180219,"9:54:18","9:54:20","Short Call","med","0:00:02","09","20180219_09","S11_20180219",2021-02-03 09:54:18,2021-02-03 09:54:20,5,"No",0
"121","S11",20180219,"9:54:25","9:54:27","Short Call","med","0:00:02","09","20180219_09","S11_20180219",2021-02-03 09:54:25,2021-02-03 09:54:27,33620,"No",0
"122","S11",20180219,"19:14:47","19:16:00","Long Call","low","0:01:13","19","20180219_19","S11_20180219",2021-02-03 19:14:47,2021-02-03 19:16:00,NA,"No",0
"123","S11",20180220,"8:59:56","9:01:09","Long Call","high","0:01:13","08","20180220_08","S11_20180220",2021-02-03 08:59:56,2021-02-03 09:01:09,9,"No",0
"124","S11",20180220,"9:01:18","9:01:20","Short Call","med","0:00:02","09","20180220_09","S11_20180220",2021-02-03 09:01:18,2021-02-03 09:01:20,6,"No",0
"125","S11",20180220,"9:01:26","9:01:28","Short Call","med","0:00:02","09","20180220_09","S11_20180220",2021-02-03 09:01:26,2021-02-03 09:01:28,5,"No",0
"126","S11",20180220,"9:01:33","9:01:35","Short Call","med","0:00:02","09","20180220_09","S11_20180220",2021-02-03 09:01:33,2021-02-03 09:01:35,7,"No",0
"127","S11",20180220,"9:01:42","9:01:44","Short Call","med","0:00:02","09","20180220_09","S11_20180220",2021-02-03 09:01:42,2021-02-03 09:01:44,6,"No",0
"128","S11",20180220,"9:01:50","9:01:52","Short Call","med","0:00:02","09","20180220_09","S11_20180220",2021-02-03 09:01:50,2021-02-03 09:01:52,NA,"No",0
"129","S11",20180221,"10:14:13","10:14:15","Short Call","med","0:00:02","10","20180221_10","S11_20180221",2021-02-03 10:14:13,2021-02-03 10:14:15,8,"No",0
"130","S11",20180221,"10:14:23","10:14:25","Short Call","med","0:00:02","10","20180221_10","S11_20180221",2021-02-03 10:14:23,2021-02-03 10:14:25,7,"No",0
"131","S11",20180221,"10:14:32","10:14:34","Short Call","med","0:00:02","10","20180221_10","S11_20180221",2021-02-03 10:14:32,2021-02-03 10:14:34,4,"No",0
"132","S11",20180221,"10:14:38","10:14:40","Short Call","med","0:00:02","10","20180221_10","S11_20180221",2021-02-03 10:14:38,2021-02-03 10:14:40,5,"No",0
"133","S11",20180221,"10:14:45","10:14:47","Short Call","med","0:00:02","10","20180221_10","S11_20180221",2021-02-03 10:14:45,2021-02-03 10:14:47,6,"No",0
"134","S11",20180221,"10:14:53","10:14:55","Short Call","med","0:00:02","10","20180221_10","S11_20180221",2021-02-03 10:14:53,2021-02-03 10:14:55,4,"No",0
"135","S11",20180221,"10:14:59","10:15:01","Short Call","med","0:00:02","10","20180221_10","S11_20180221",2021-02-03 10:14:59,2021-02-03 10:15:01,6,"No",0
"136","S11",20180221,"10:15:07","10:15:09","Short Call","med","0:00:02","10","20180221_10","S11_20180221",2021-02-03 10:15:07,2021-02-03 10:15:09,6,"No",0
"137","S11",20180221,"10:15:15","10:15:17","Short Call","med","0:00:02","10","20180221_10","S11_20180221",2021-02-03 10:15:15,2021-02-03 10:15:17,7,"No",0
"138","S11",20180221,"10:15:24","10:15:26","Short Call","med","0:00:02","10","20180221_10","S11_20180221",2021-02-03 10:15:24,2021-02-03 10:15:26,NA,"No",0
"139","S11",20180222,"7:46:32","7:46:34","Short Call","med","0:00:02","07","20180222_07","S11_20180222",2021-02-03 07:46:32,2021-02-03 07:46:34,8,"No",0
"140","S11",20180222,"7:46:42","7:46:44","Short Call","med","0:00:02","07","20180222_07","S11_20180222",2021-02-03 07:46:42,2021-02-03 07:46:44,5,"No",0
"141","S11",20180222,"7:46:49","7:46:51","Short Call","med","0:00:02","07","20180222_07","S11_20180222",2021-02-03 07:46:49,2021-02-03 07:46:51,3,"No",0
"142","S11",20180222,"7:46:54","7:46:56","Short Call","med","0:00:02","07","20180222_07","S11_20180222",2021-02-03 07:46:54,2021-02-03 07:46:56,3,"No",0
"143","S11",20180222,"7:46:59","7:47:01","Short Call","med","0:00:02","07","20180222_07","S11_20180222",2021-02-03 07:46:59,2021-02-03 07:47:01,7,"No",0
"144","S11",20180222,"7:47:08","7:47:10","Short Call","med","0:00:02","07","20180222_07","S11_20180222",2021-02-03 07:47:08,2021-02-03 07:47:10,2,"No",0
"145","S11",20180222,"7:47:12","7:47:14","Short Call","med","0:00:02","07","20180222_07","S11_20180222",2021-02-03 07:47:12,2021-02-03 07:47:14,3,"No",0
"146","S11",20180222,"7:47:17","7:47:19","Short Call","med","0:00:02","07","20180222_07","S11_20180222",2021-02-03 07:47:17,2021-02-03 07:47:19,1,"No",0
"147","S11",20180222,"7:47:20","7:47:22","Short Call","med","0:00:02","07","20180222_07","S11_20180222",2021-02-03 07:47:20,2021-02-03 07:47:22,2,"No",0
"148","S11",20180222,"7:47:24","7:47:26","Short Call","med","0:00:02","07","20180222_07","S11_20180222",2021-02-03 07:47:24,2021-02-03 07:47:26,8,"No",0
"149","S11",20180222,"7:47:34","7:47:36","Short Call","med","0:00:02","07","20180222_07","S11_20180222",2021-02-03 07:47:34,2021-02-03 07:47:36,21129,"No",0
"150","S11",20180222,"13:39:45","13:39:47","Short Call","med","0:00:02","13","20180222_13","S11_20180222",2021-02-03 13:39:45,2021-02-03 13:39:47,19,"No",0
"151","S11",20180222,"13:40:06","13:40:08","Short Call","med","0:00:02","13","20180222_13","S11_20180222",2021-02-03 13:40:06,2021-02-03 13:40:08,11,"No",0
"152","S11",20180222,"13:40:19","13:40:21","Short Call","med","0:00:02","13","20180222_13","S11_20180222",2021-02-03 13:40:19,2021-02-03 13:40:21,11,"No",0
"153","S11",20180222,"13:40:32","13:40:34","Short Call","med","0:00:02","13","20180222_13","S11_20180222",2021-02-03 13:40:32,2021-02-03 13:40:34,913,"No",0
"154","S11",20180222,"13:55:47","13:56:50","Long Call","med","0:01:03","13","20180222_13","S11_20180222",2021-02-03 13:55:47,2021-02-03 13:56:50,-947,"No",0
"155","S11",20180222,"13:41:03","13:42:16","Long Call","low","0:01:13","13","20180222_13","S11_20180222",2021-02-03 13:41:03,2021-02-03 13:42:16,43,"No",0
"156","S11",20180222,"13:42:59","13:43:01","Short Call","med","0:00:02","13","20180222_13","S11_20180222",2021-02-03 13:42:59,2021-02-03 13:43:01,4,"No",0
"157","S11",20180222,"13:43:05","13:43:07","Short Call","med","0:00:02","13","20180222_13","S11_20180222",2021-02-03 13:43:05,2021-02-03 13:43:07,4,"No",0
"158","S11",20180222,"13:43:11","13:43:13","Short Call","med","0:00:02","13","20180222_13","S11_20180222",2021-02-03 13:43:11,2021-02-03 13:43:13,4,"No",0
"159","S11",20180222,"13:43:17","13:43:19","Short Call","med","0:00:02","13","20180222_13","S11_20180222",2021-02-03 13:43:17,2021-02-03 13:43:19,5,"No",0
"160","S11",20180222,"13:43:24","13:43:26","Short Call","med","0:00:02","13","20180222_13","S11_20180222",2021-02-03 13:43:24,2021-02-03 13:43:26,5,"No",0
"161","S11",20180222,"13:43:31","13:43:33","Short Call","med","0:00:02","13","20180222_13","S11_20180222",2021-02-03 13:43:31,2021-02-03 13:43:33,5,"No",0
"162","S11",20180222,"13:43:38","13:43:40","Short Call","med","0:00:02","13","20180222_13","S11_20180222",2021-02-03 13:43:38,2021-02-03 13:43:40,7,"No",0
"163","S11",20180222,"13:43:47","13:43:49","Short Call","med","0:00:02","13","20180222_13","S11_20180222",2021-02-03 13:43:47,2021-02-03 13:43:49,10,"No",0
"164","S11",20180222,"13:43:59","13:44:01","Short Call","med","0:00:02","13","20180222_13","S11_20180222",2021-02-03 13:43:59,2021-02-03 13:44:01,9,"No",0
"165","S11",20180222,"13:44:10","13:44:12","Short Call","med","0:00:02","13","20180222_13","S11_20180222",2021-02-03 13:44:10,2021-02-03 13:44:12,NA,"No",0
"166","S11",20180223,"9:59:20","10:00:51","Long Call","med","0:01:31","09","20180223_09","S11_20180223",2021-02-03 09:59:20,2021-02-03 10:00:51,22916,"No",0
"167","S11",20180223,"16:22:47","16:23:51","Long Call","med","0:01:04","16","20180223_16","S11_20180223",2021-02-03 16:22:47,2021-02-03 16:23:51,NA,"No",0
"168","S11",20180224,"2:50:27","2:52:19","Long Call","med","0:01:52","02","20180224_02","S11_20180224",2021-02-03 02:50:27,2021-02-03 02:52:19,10,"No",0
"169","S11",20180224,"2:52:29","2:53:27","Long Call","high","0:00:58","02","20180224_02","S11_20180224",2021-02-03 02:52:29,2021-02-03 02:53:27,16643,"No",0
"170","S11",20180224,"7:30:50","7:30:52","Short Call","med","0:00:02","07","20180224_07","S11_20180224",2021-02-03 07:30:50,2021-02-03 07:30:52,7,"No",0
"171","S11",20180224,"7:30:59","7:31:01","Short Call","med","0:00:02","07","20180224_07","S11_20180224",2021-02-03 07:30:59,2021-02-03 07:31:01,2,"No",0
"172","S11",20180224,"7:31:03","7:31:05","Short Call","med","0:00:02","07","20180224_07","S11_20180224",2021-02-03 07:31:03,2021-02-03 07:31:05,2,"No",0
"173","S11",20180224,"7:31:07","7:31:09","Short Call","med","0:00:02","07","20180224_07","S11_20180224",2021-02-03 07:31:07,2021-02-03 07:31:09,2,"No",0
"174","S11",20180224,"7:31:11","7:31:13","Short Call","med","0:00:02","07","20180224_07","S11_20180224",2021-02-03 07:31:11,2021-02-03 07:31:13,1,"No",0
"175","S11",20180224,"7:31:14","7:31:16","Short Call","med","0:00:02","07","20180224_07","S11_20180224",2021-02-03 07:31:14,2021-02-03 07:31:16,1,"No",0
"176","S11",20180224,"7:31:17","7:31:19","Short Call","med","0:00:02","07","20180224_07","S11_20180224",2021-02-03 07:31:17,2021-02-03 07:31:19,2,"No",0
"177","S11",20180224,"7:31:21","7:31:23","Short Call","med","0:00:02","07","20180224_07","S11_20180224",2021-02-03 07:31:21,2021-02-03 07:31:23,1,"No",0
"178","S11",20180224,"7:31:24","7:31:26","Short Call","med","0:00:02","07","20180224_07","S11_20180224",2021-02-03 07:31:24,2021-02-03 07:31:26,2,"No",0
"179","S11",20180224,"7:31:28","7:31:30","Short Call","med","0:00:02","07","20180224_07","S11_20180224",2021-02-03 07:31:28,2021-02-03 07:31:30,1,"No",0
"180","S11",20180224,"7:31:31","7:31:33","Short Call","med","0:00:02","07","20180224_07","S11_20180224",2021-02-03 07:31:31,2021-02-03 07:31:33,2,"No",0
"181","S11",20180224,"7:31:35","7:31:37","Short Call","med","0:00:02","07","20180224_07","S11_20180224",2021-02-03 07:31:35,2021-02-03 07:31:37,2,"No",0
"182","S11",20180224,"7:31:39","7:31:41","Short Call","med","0:00:02","07","20180224_07","S11_20180224",2021-02-03 07:31:39,2021-02-03 07:31:41,2,"No",0
"183","S11",20180224,"7:31:43","7:31:45","Short Call","med","0:00:02","07","20180224_07","S11_20180224",2021-02-03 07:31:43,2021-02-03 07:31:45,3,"No",0
"184","S11",20180224,"7:31:48","7:31:50","Short Call","med","0:00:02","07","20180224_07","S11_20180224",2021-02-03 07:31:48,2021-02-03 07:31:50,36,"No",0
"185","S11",20180224,"7:32:26","7:32:28","Short Call","med","0:00:02","07","20180224_07","S11_20180224",2021-02-03 07:32:26,2021-02-03 07:32:28,1,"No",0
"186","S11",20180224,"7:32:29","7:32:31","Short Call","med","0:00:02","07","20180224_07","S11_20180224",2021-02-03 07:32:29,2021-02-03 07:32:31,2,"No",0
"187","S11",20180224,"7:32:33","7:32:35","Short Call","med","0:00:02","07","20180224_07","S11_20180224",2021-02-03 07:32:33,2021-02-03 07:32:35,1,"No",0
"188","S11",20180224,"7:32:36","7:32:38","Short Call","med","0:00:02","07","20180224_07","S11_20180224",2021-02-03 07:32:36,2021-02-03 07:32:38,1,"No",0
"189","S11",20180224,"7:32:39","7:32:41","Short Call","med","0:00:02","07","20180224_07","S11_20180224",2021-02-03 07:32:39,2021-02-03 07:32:41,1,"No",0
"190","S11",20180224,"7:32:42","7:32:44","Short Call","med","0:00:02","07","20180224_07","S11_20180224",2021-02-03 07:32:42,2021-02-03 07:32:44,2,"No",0
"191","S11",20180224,"7:32:46","7:32:48","Short Call","med","0:00:02","07","20180224_07","S11_20180224",2021-02-03 07:32:46,2021-02-03 07:32:48,1,"No",0
"192","S11",20180224,"7:32:49","7:32:51","Short Call","med","0:00:02","07","20180224_07","S11_20180224",2021-02-03 07:32:49,2021-02-03 07:32:51,1,"No",0
"193","S11",20180224,"7:32:52","7:32:54","Short Call","med","0:00:02","07","20180224_07","S11_20180224",2021-02-03 07:32:52,2021-02-03 07:32:54,1,"No",0
"194","S11",20180224,"7:32:55","7:32:57","Short Call","med","0:00:02","07","20180224_07","S11_20180224",2021-02-03 07:32:55,2021-02-03 07:32:57,1,"No",0
"195","S11",20180224,"7:32:58","7:33:00","Short Call","med","0:00:02","07","20180224_07","S11_20180224",2021-02-03 07:32:58,2021-02-03 07:33:00,3,"No",0
"196","S11",20180224,"7:33:03","7:33:05","Short Call","med","0:00:02","07","20180224_07","S11_20180224",2021-02-03 07:33:03,2021-02-03 07:33:05,1,"No",0
"197","S11",20180224,"7:33:06","7:33:08","Short Call","med","0:00:02","07","20180224_07","S11_20180224",2021-02-03 07:33:06,2021-02-03 07:33:08,5,"No",0
"198","S11",20180224,"7:33:13","7:33:15","Short Call","med","0:00:02","07","20180224_07","S11_20180224",2021-02-03 07:33:13,2021-02-03 07:33:15,4,"No",0
"199","S11",20180224,"7:33:19","7:33:21","Short Call","med","0:00:02","07","20180224_07","S11_20180224",2021-02-03 07:33:19,2021-02-03 07:33:21,11811,"No",0
"200","S11",20180224,"10:50:12","10:50:14","Short Call","med","0:00:02","10","20180224_10","S11_20180224",2021-02-03 10:50:12,2021-02-03 10:50:14,8,"No",0
"201","S11",20180224,"10:50:22","10:50:24","Short Call","med","0:00:02","10","20180224_10","S11_20180224",2021-02-03 10:50:22,2021-02-03 10:50:24,9,"No",0
"202","S11",20180224,"10:50:33","10:50:35","Short Call","med","0:00:02","10","20180224_10","S11_20180224",2021-02-03 10:50:33,2021-02-03 10:50:35,7,"No",0
"203","S11",20180224,"10:50:42","10:50:44","Short Call","med","0:00:02","10","20180224_10","S11_20180224",2021-02-03 10:50:42,2021-02-03 10:50:44,1044,"No",0
"204","S11",20180224,"11:08:08","11:08:45","Long Call","high","0:00:37","11","20180224_11","S11_20180224",2021-02-03 11:08:08,2021-02-03 11:08:45,1,"No",0
"205","S11",20180224,"11:08:46","11:08:48","Short Call","med","0:00:02","11","20180224_11","S11_20180224",2021-02-03 11:08:46,2021-02-03 11:08:48,1,"No",0
"206","S11",20180224,"11:08:49","11:08:51","Short Call","med","0:00:02","11","20180224_11","S11_20180224",2021-02-03 11:08:49,2021-02-03 11:08:51,1,"No",0
"207","S11",20180224,"11:08:52","11:08:54","Short Call","med","0:00:02","11","20180224_11","S11_20180224",2021-02-03 11:08:52,2021-02-03 11:08:54,15,"No",0
"209","S11",20180224,"11:09:09","11:09:11","Short Call","med","0:00:02","11","20180224_11","S11_20180224",2021-02-03 11:09:09,2021-02-03 11:09:11,15,"No",0
"210","S11",20180224,"11:09:26","11:09:28","Short Call","med","0:00:02","11","20180224_11","S11_20180224",2021-02-03 11:09:26,2021-02-03 11:09:28,5,"No",0
"211","S11",20180224,"11:09:33","11:09:35","Short Call","med","0:00:02","11","20180224_11","S11_20180224",2021-02-03 11:09:33,2021-02-03 11:09:35,436,"No",0
"212","S11",20180224,"11:16:51","11:19:32","Short Call","med","0:02:41","11","20180224_11","S11_20180224",2021-02-03 11:16:51,2021-02-03 11:19:32,-139,"No",0
"213","S11",20180224,"11:17:13","11:18:04","Long Call","high","0:00:51","11","20180224_11","S11_20180224",2021-02-03 11:17:13,2021-02-03 11:18:04,211,"No",0
"214","S11",20180224,"11:21:35","11:23:06","Short Call","med","0:01:31","11","20180224_11","S11_20180224",2021-02-03 11:21:35,2021-02-03 11:23:06,115,"No",0
"215","S11",20180224,"11:25:01","11:26:15","Short Call","med","0:01:14","11","20180224_11","S11_20180224",2021-02-03 11:25:01,2021-02-03 11:26:15,317,"No",0
"216","S11",20180224,"11:31:32","11:32:15","Short Call","med","0:00:43","11","20180224_11","S11_20180224",2021-02-03 11:31:32,2021-02-03 11:32:15,2109,"No",0
"217","S11",20180224,"12:07:24","12:07:32","Short Call","high","0:00:08","12","20180224_12","S11_20180224",2021-02-03 12:07:24,2021-02-03 12:07:32,13,"No",0
"218","S11",20180224,"12:07:45","12:08:26","Short Call","med","0:00:41","12","20180224_12","S11_20180224",2021-02-03 12:07:45,2021-02-03 12:08:26,NA,"No",0
"219","S11",20180225,"4:37:07","4:38:25","Long Call","high","0:01:18","04","20180225_04","S11_20180225",2021-02-03 04:37:07,2021-02-03 04:38:25,17,"No",0
"220","S11",20180225,"4:38:42","4:40:23","Long Call","med","0:01:41","04","20180225_04","S11_20180225",2021-02-03 04:38:42,2021-02-03 04:40:23,19681,"No",0
"221","S11",20180225,"10:08:24","10:09:27","Long Call","med","0:01:03","10","20180225_10","S11_20180225",2021-02-03 10:08:24,2021-02-03 10:09:27,NA,"No",0
"222","S11",20180226,"9:33:55","9:34:43","Short Call","med","0:00:48","09","20180226_09","S11_20180226",2021-02-03 09:33:55,2021-02-03 09:34:43,249,"No",0
"223","S11",20180226,"9:38:52","9:40:28","Short Call","med","0:01:36","09","20180226_09","S11_20180226",2021-02-03 09:38:52,2021-02-03 09:40:28,4565,"No",0
"224","S11",20180226,"10:56:33","10:58:05","Short Call","med","0:01:32","10","20180226_10","S11_20180226",2021-02-03 10:56:33,2021-02-03 10:58:05,85,"No",0
"225","S11",20180226,"10:59:30","11:00:20","Short Call","med","0:00:50","10","20180226_10","S11_20180226",2021-02-03 10:59:30,2021-02-03 11:00:20,247,"No",0
"226","S11",20180226,"11:04:27","11:05:04","Short Call","med","0:00:37","11","20180226_11","S11_20180226",2021-02-03 11:04:27,2021-02-03 11:05:04,14814,"No",0
"227","S11",20180226,"15:11:58","15:13:08","Long Call","high","0:01:10","15","20180226_15","S11_20180226",2021-02-03 15:11:58,2021-02-03 15:13:08,48,"No",0
"228","S11",20180226,"15:13:56","15:15:00","Long Call","med","0:01:04","15","20180226_15","S11_20180226",2021-02-03 15:13:56,2021-02-03 15:15:00,NA,"No",0
"229","S11",20180227,"7:02:24","7:03:05","Long Call","low","0:00:41","07","20180227_07","S11_20180227",2021-02-03 07:02:24,2021-02-03 07:03:05,-11,"No",0
"230","S11",20180227,"7:02:54","7:04:00","Short Call","med","0:01:06","07","20180227_07","S11_20180227",2021-02-03 07:02:54,2021-02-03 07:04:00,7312,"No",0
"231","S11",20180227,"9:05:52","9:05:57","Long Call","med","0:00:05","09","20180227_09","S11_20180227",2021-02-03 09:05:52,2021-02-03 09:05:57,-2,"Yes",1
"232","S11",20180227,"9:05:55","9:06:26","Short Call","low","0:00:31","09","20180227_09","S11_20180227",2021-02-03 09:05:55,2021-02-03 09:06:26,4604,"No",0
"233","S11",20180227,"10:23:10","10:23:47","Short Call","low","0:00:37","10","20180227_10","S11_20180227",2021-02-03 10:23:10,2021-02-03 10:23:47,-1018,"No",0
"234","S11",20180227,"10:06:49","10:08:01","Long Call","high","0:01:12","10","20180227_10","S11_20180227",2021-02-03 10:06:49,2021-02-03 10:08:01,-2,"Yes",1
"235","S11",20180227,"10:07:59","10:08:56","Short Call","med","0:00:57","10","20180227_10","S11_20180227",2021-02-03 10:07:59,2021-02-03 10:08:56,21386,"No",0
"236","S11",20180227,"16:05:22","16:06:24","Short Call","med","0:01:02","16","20180227_16","S11_20180227",2021-02-03 16:05:22,2021-02-03 16:06:24,43,"No",0
"237","S11",20180227,"16:07:07","16:10:12","Short Call","med","0:03:05","16","20180227_16","S11_20180227",2021-02-03 16:07:07,2021-02-03 16:10:12,NA,"No",0
"238","S11",20180228,"7:10:15","7:11:20","Short Call","low","0:01:05","07","20180228_07","S11_20180228",2021-02-03 07:10:15,2021-02-03 07:11:20,31,"No",0
"239","S11",20180228,"7:11:51","7:12:57","Short Call","low","0:01:06","07","20180228_07","S11_20180228",2021-02-03 07:11:51,2021-02-03 07:12:57,58,"No",0
"240","S11",20180228,"7:13:55","7:14:53","Long Call","low","0:00:58","07","20180228_07","S11_20180228",2021-02-03 07:13:55,2021-02-03 07:14:53,9,"No",0
"241","S11",20180228,"7:15:02","7:16:06","Short Call","low","0:01:04","07","20180228_07","S11_20180228",2021-02-03 07:15:02,2021-02-03 07:16:06,1718,"No",0
"242","S11",20180228,"7:44:44","7:45:47","Long Call","high","0:01:03","07","20180228_07","S11_20180228",2021-02-03 07:44:44,2021-02-03 07:45:47,-1,"Yes",1
"243","S11",20180228,"7:45:46","7:47:00","Short Call","med","0:01:14","07","20180228_07","S11_20180228",2021-02-03 07:45:46,2021-02-03 07:47:00,6273,"No",0
"244","S11",20180228,"9:31:33","9:33:04","Short Call","med","0:01:31","09","20180228_09","S11_20180228",2021-02-03 09:31:33,2021-02-03 09:33:04,3754,"No",0
"245","S11",20180228,"10:35:38","10:36:14","Long Call","low","0:00:36","10","20180228_10","S11_20180228",2021-02-03 10:35:38,2021-02-03 10:36:14,-12,"No",0
"246","S11",20180228,"10:36:02","10:37:08","Short Call","med","0:01:06","10","20180228_10","S11_20180228",2021-02-03 10:36:02,2021-02-03 10:37:08,4344,"No",0
"247","S11",20180228,"11:49:32","11:50:03","Short Call","low","0:00:31","11","20180228_11","S11_20180228",2021-02-03 11:49:32,2021-02-03 11:50:03,7472,"No",0
"248","S11",20180228,"13:54:35","13:56:12","Short Call","high","0:01:37","13","20180228_13","S11_20180228",2021-02-03 13:54:35,2021-02-03 13:56:12,NA,"No",0
"249","S11",20180301,"7:23:45","7:24:29","Short Call","med","0:00:44","07","20180301_07","S11_20180301",2021-02-03 07:23:45,2021-02-03 07:24:29,3660,"No",0
"250","S11",20180301,"8:25:29","8:26:29","Short Call","low","0:01:00","08","20180301_08","S11_20180301",2021-02-03 08:25:29,2021-02-03 08:26:29,69,"No",0
"251","S11",20180301,"8:27:38","8:28:06","Short Call","med","0:00:28","08","20180301_08","S11_20180301",2021-02-03 08:27:38,2021-02-03 08:28:06,1762,"No",0
"252","S11",20180301,"8:57:28","8:58:34","Long Call","high","0:01:06","08","20180301_08","S11_20180301",2021-02-03 08:57:28,2021-02-03 08:58:34,-2,"Yes",1
"253","S11",20180301,"8:58:32","8:59:27","Short Call","med","0:00:55","08","20180301_08","S11_20180301",2021-02-03 08:58:32,2021-02-03 08:59:27,7834,"No",0
"254","S11",20180301,"11:10:01","11:10:54","Short Call","med","0:00:53","11","20180301_11","S11_20180301",2021-02-03 11:10:01,2021-02-03 11:10:54,77,"No",0
"255","S11",20180301,"11:12:11","11:13:04","Short Call","med","0:00:53","11","20180301_11","S11_20180301",2021-02-03 11:12:11,2021-02-03 11:13:04,7211,"No",0
"256","S11",20180301,"13:13:15","13:13:42","Short Call","low","0:00:27","13","20180301_13","S11_20180301",2021-02-03 13:13:15,2021-02-03 13:13:42,64,"No",0
"257","S11",20180301,"13:14:46","13:15:53","Long Call","med","0:01:07","13","20180301_13","S11_20180301",2021-02-03 13:14:46,2021-02-03 13:15:53,NA,"No",0
"258","S11",20180302,"8:22:20","8:23:04","Short Call","low","0:00:44","08","20180302_08","S11_20180302",2021-02-03 08:22:20,2021-02-03 08:23:04,6230,"No",0
"259","S11",20180302,"10:06:54","10:08:03","Short Call","low","0:01:09","10","20180302_10","S11_20180302",2021-02-03 10:06:54,2021-02-03 10:08:03,1157,"No",0
"260","S11",20180302,"10:27:20","10:28:14","Short Call","low","0:00:54","10","20180302_10","S11_20180302",2021-02-03 10:27:20,2021-02-03 10:28:14,1732,"No",0
"261","S11",20180302,"10:57:06","10:57:58","Long Call","high","0:00:52","10","20180302_10","S11_20180302",2021-02-03 10:57:06,2021-02-03 10:57:58,-10,"No",0
"262","S11",20180302,"10:57:48","10:58:42","Short Call","med","0:00:54","10","20180302_10","S11_20180302",2021-02-03 10:57:48,2021-02-03 10:58:42,1006,"No",0
"263","S11",20180302,"11:15:28","11:17:07","Short Call","low","0:01:39","11","20180302_11","S11_20180302",2021-02-03 11:15:28,2021-02-03 11:17:07,NA,"No",0
"264","S11",20180303,"7:33:47","7:34:47","Long Call","low","0:01:00","07","20180303_07","S11_20180303",2021-02-03 07:33:47,2021-02-03 07:34:47,5266,"No",0
"265","S11",20180303,"9:02:33","9:03:36","Long Call","high","0:01:03","09","20180303_09","S11_20180303",2021-02-03 09:02:33,2021-02-03 09:03:36,1476,"No",0
"266","S11",20180303,"9:28:12","9:29:19","Short Call","low","0:01:07","09","20180303_09","S11_20180303",2021-02-03 09:28:12,2021-02-03 09:29:19,380,"No",0
"267","S11",20180303,"9:35:39","9:37:12","Short Call","low","0:01:33","09","20180303_09","S11_20180303",2021-02-03 09:35:39,2021-02-03 09:37:12,11736,"No",0
"268","S11",20180303,"12:52:48","12:54:25","Long Call","high","0:01:37","12","20180303_12","S11_20180303",2021-02-03 12:52:48,2021-02-03 12:54:25,NA,"No",0
"269","S11",20180304,"7:36:50","7:38:04","Long Call","high","0:01:14","07","20180304_07","S11_20180304",2021-02-03 07:36:50,2021-02-03 07:38:04,4,"No",0
"270","S11",20180304,"7:38:08","7:38:58","Short Call","low","0:00:50","07","20180304_07","S11_20180304",2021-02-03 07:38:08,2021-02-03 07:38:58,NA,"No",0
"271","S11",20180306,"7:25:13","7:27:23","Short Call","low","0:02:10","07","20180306_07","S11_20180306",2021-02-03 07:25:13,2021-02-03 07:27:23,1419,"No",0
"272","S11",20180306,"7:51:02","7:52:22","Long Call","med","0:01:20","07","20180306_07","S11_20180306",2021-02-03 07:51:02,2021-02-03 07:52:22,3,"No",0
"273","S11",20180306,"7:52:25","7:53:58","Short Call","low","0:01:33","07","20180306_07","S11_20180306",2021-02-03 07:52:25,2021-02-03 07:53:58,9689,"No",0
"274","S11",20180306,"10:35:27","10:36:38","Long Call","med","0:01:11","10","20180306_10","S11_20180306",2021-02-03 10:35:27,2021-02-03 10:36:38,-21,"No",0
"275","S11",20180306,"10:36:17","10:37:19","Short Call","low","0:01:02","10","20180306_10","S11_20180306",2021-02-03 10:36:17,2021-02-03 10:37:19,NA,"No",0
"276","S11",20180307,"4:21:08","4:21:32","Short Call","med","0:00:24","04","20180307_04","S11_20180307",2021-02-03 04:21:08,2021-02-03 04:21:32,36,"No",0
"277","S11",20180307,"4:22:08","4:23:55","Short Call","med","0:01:47","04","20180307_04","S11_20180307",2021-02-03 04:22:08,2021-02-03 04:23:55,15517,"No",0
"278","S11",20180307,"8:42:32","8:43:33","Long Call","med","0:01:01","08","20180307_08","S11_20180307",2021-02-03 08:42:32,2021-02-03 08:43:33,5,"No",0
"279","S11",20180307,"8:43:38","8:44:19","Short Call","low","0:00:41","08","20180307_08","S11_20180307",2021-02-03 08:43:38,2021-02-03 08:44:19,NA,"No",0
"280","S11",20180309,"11:56:30","11:57:52","Long Call","high","0:01:22","11","20180309_11","S11_20180309",2021-02-03 11:56:30,2021-02-03 11:57:52,1983,"No",0
"281","S11",20180309,"12:30:55","12:31:57","Long Call","med","0:01:02","12","20180309_12","S11_20180309",2021-02-03 12:30:55,2021-02-03 12:31:57,25,"No",0
"282","S11",20180309,"12:32:22","12:33:25","Long Call","low","0:01:03","12","20180309_12","S11_20180309",2021-02-03 12:32:22,2021-02-03 12:33:25,25,"No",0
"283","S11",20180309,"12:33:50","12:34:27","Long Call","low","0:00:37","12","20180309_12","S11_20180309",2021-02-03 12:33:50,2021-02-03 12:34:27,21,"No",0
"284","S11",20180309,"12:34:48","12:35:29","Long Call","low","0:00:41","12","20180309_12","S11_20180309",2021-02-03 12:34:48,2021-02-03 12:35:29,2793,"No",0
"285","S11",20180309,"13:22:02","13:23:14","Long Call","high","0:01:12","13","20180309_13","S11_20180309",2021-02-03 13:22:02,2021-02-03 13:23:14,9543,"No",0
"286","S11",20180309,"16:02:17","16:03:16","Long Call","med","0:00:59","16","20180309_16","S11_20180309",2021-02-03 16:02:17,2021-02-03 16:03:16,0,"Yes",1
"287","S11",20180309,"16:03:16","16:04:23","Short Call","med","0:01:07","16","20180309_16","S11_20180309",2021-02-03 16:03:16,2021-02-03 16:04:23,10244,"No",0
"288","S11",20180309,"18:55:07","18:56:00","Long Call","low","0:00:53","18","20180309_18","S11_20180309",2021-02-03 18:55:07,2021-02-03 18:56:00,5,"No",0
"289","S11",20180309,"18:56:05","18:58:36","Long Call","med","0:02:31","18","20180309_18","S11_20180309",2021-02-03 18:56:05,2021-02-03 18:58:36,-157,"No",0
"290","S11",20180309,"18:55:59","18:58:46","Short Call","low","0:02:47","18","20180309_18","S11_20180309",2021-02-03 18:55:59,2021-02-03 18:58:46,31,"No",0
"291","S11",20180309,"18:59:17","19:00:00","Short Call","low","0:00:43","18","20180309_18","S11_20180309",2021-02-03 18:59:17,2021-02-03 19:00:00,32,"No",0
"292","S11",20180309,"19:00:32","19:01:28","Short Call","low","0:00:56","19","20180309_19","S11_20180309",2021-02-03 19:00:32,2021-02-03 19:01:28,175,"No",0
"293","S11",20180309,"19:04:23","19:07:28","Short Call","low","0:03:05","19","20180309_19","S11_20180309",2021-02-03 19:04:23,2021-02-03 19:07:28,NA,"No",0
"294","S11",20180310,"7:11:23","7:12:30","Long Call","low","0:01:07","07","20180310_07","S11_20180310",2021-02-03 07:11:23,2021-02-03 07:12:30,-10,"No",0
"295","S11",20180310,"7:12:20","7:12:53","Short Call","med","0:00:33","07","20180310_07","S11_20180310",2021-02-03 07:12:20,2021-02-03 07:12:53,1,"No",0
"296","S11",20180310,"7:12:54","7:13:47","Long Call","low","0:00:53","07","20180310_07","S11_20180310",2021-02-03 07:12:54,2021-02-03 07:13:47,-10,"No",0
"297","S11",20180310,"7:13:37","7:14:34","Short Call","med","0:00:57","07","20180310_07","S11_20180310",2021-02-03 07:13:37,2021-02-03 07:14:34,252,"No",0
"298","S11",20180310,"7:18:46","7:19:53","Short Call","low","0:01:07","07","20180310_07","S11_20180310",2021-02-03 07:18:46,2021-02-03 07:19:53,150,"No",0
"299","S11",20180310,"7:22:23","7:22:57","Long Call","low","0:00:34","07","20180310_07","S11_20180310",2021-02-03 07:22:23,2021-02-03 07:22:57,448,"No",0
"300","S11",20180310,"7:30:25","7:31:35","Short Call","med","0:01:10","07","20180310_07","S11_20180310",2021-02-03 07:30:25,2021-02-03 07:31:35,125,"No",0
"301","S11",20180310,"7:33:40","7:33:47","Short Call","med","0:00:07","07","20180310_07","S11_20180310",2021-02-03 07:33:40,2021-02-03 07:33:47,216,"No",0
"302","S11",20180310,"7:37:23","7:38:31","Long Call","low","0:01:08","07","20180310_07","S11_20180310",2021-02-03 07:37:23,2021-02-03 07:38:31,66,"No",0
"303","S11",20180310,"7:39:37","7:40:30","Short Call","low","0:00:53","07","20180310_07","S11_20180310",2021-02-03 07:39:37,2021-02-03 07:40:30,28,"No",0
"304","S11",20180310,"7:40:58","7:41:41","Long Call","low","0:00:43","07","20180310_07","S11_20180310",2021-02-03 07:40:58,2021-02-03 07:41:41,-34,"No",0
"305","S11",20180310,"7:41:07","7:42:07","Short Call","low","0:01:00","07","20180310_07","S11_20180310",2021-02-03 07:41:07,2021-02-03 07:42:07,1257,"No",0
"306","S11",20180310,"8:03:04","8:04:31","Long Call","low","0:01:27","08","20180310_08","S11_20180310",2021-02-03 08:03:04,2021-02-03 08:04:31,-32,"No",0
"307","S11",20180310,"8:03:59","8:05:33","Short Call","low","0:01:34","08","20180310_08","S11_20180310",2021-02-03 08:03:59,2021-02-03 08:05:33,460,"No",0
"308","S11",20180310,"8:13:13","8:14:32","Short Call","low","0:01:19","08","20180310_08","S11_20180310",2021-02-03 08:13:13,2021-02-03 08:14:32,412,"No",0
"309","S11",20180310,"8:21:24","8:22:31","Short Call","low","0:01:07","08","20180310_08","S11_20180310",2021-02-03 08:21:24,2021-02-03 08:22:31,NA,"No",0
"310","S11",20180311,"7:36:33","7:38:32","Short Call","low","0:01:59","07","20180311_07","S11_20180311",2021-02-03 07:36:33,2021-02-03 07:38:32,33,"No",0
"311","S11",20180311,"7:39:05","7:39:59","Short Call","low","0:00:54","07","20180311_07","S11_20180311",2021-02-03 07:39:05,2021-02-03 07:39:59,3247,"No",0
"312","S11",20180311,"8:34:06","8:34:36","Short Call","low","0:00:30","08","20180311_08","S11_20180311",2021-02-03 08:34:06,2021-02-03 08:34:36,6189,"No",0
"313","S11",20180311,"10:17:45","10:19:08","Long Call","high","0:01:23","10","20180311_10","S11_20180311",2021-02-03 10:17:45,2021-02-03 10:19:08,19171,"No",0
"315","S11",20180311,"15:38:39","15:39:35","Short Call","low","0:00:56","15","20180311_15","S11_20180311",2021-02-03 15:38:39,2021-02-03 15:39:35,3033,"No",0
"316","S11",20180311,"16:30:08","16:31:27","Long Call","high","0:01:19","16","20180311_16","S11_20180311",2021-02-03 16:30:08,2021-02-03 16:31:27,20,"No",0
"317","S11",20180311,"16:31:47","16:32:44","Short Call","med","0:00:57","16","20180311_16","S11_20180311",2021-02-03 16:31:47,2021-02-03 16:32:44,NA,"No",0
"318","S11",20180312,"7:17:55","7:18:56","Short Call","med","0:01:11","07","20180312_07","S11_20180312",2021-02-03 07:17:55,2021-02-03 07:18:56,10,"No",0
"319","S11",20180312,"7:19:06","7:20:14","Long Call","low","0:01:08","07","20180312_07","S11_20180312",2021-02-03 07:19:06,2021-02-03 07:20:14,5368,"No",0
"320","S11",20180312,"8:49:42","8:50:49","Long Call","high","0:01:07","08","20180312_08","S11_20180312",2021-02-03 08:49:42,2021-02-03 08:50:49,36184,"No",0
"321","S11",20180312,"18:53:53","18:55:54","Short Call","med","0:02:01","18","20180312_18","S11_20180312",2021-02-03 18:53:53,2021-02-03 18:55:54,31,"No",0
"322","S11",20180312,"18:56:25","18:58:08","Short Call","low","0:01:43","18","20180312_18","S11_20180312",2021-02-03 18:56:25,2021-02-03 18:58:08,3,"No",0
"323","S11",20180312,"18:58:11","18:59:20","Long Call","med","0:01:09","18","20180312_18","S11_20180312",2021-02-03 18:58:11,2021-02-03 18:59:20,4,"No",0
"324","S11",20180312,"18:59:24","19:00:34","Short Call","low","0:01:10","18","20180312_18","S11_20180312",2021-02-03 18:59:24,2021-02-03 19:00:34,6,"No",0
"325","S11",20180312,"19:00:40","19:01:29","Long Call","low","0:00:49","19","20180312_19","S11_20180312",2021-02-03 19:00:40,2021-02-03 19:01:29,-6,"No",0
"326","S11",20180312,"19:01:23","19:01:55","Short Call","low","0:00:32","19","20180312_19","S11_20180312",2021-02-03 19:01:23,2021-02-03 19:01:55,23,"No",0
"327","S11",20180312,"19:02:18","19:03:13","Short Call","low","0:00:55","19","20180312_19","S11_20180312",2021-02-03 19:02:18,2021-02-03 19:03:13,NA,"No",0
"328","S11",20180313,"8:43:07","8:44:02","Long Call","high","0:00:55","08","20180313_08","S11_20180313",2021-02-03 08:43:07,2021-02-03 08:44:02,0,"Yes",1
"329","S11",20180313,"8:44:02","8:44:54","Short Call","med","0:00:52","08","20180313_08","S11_20180313",2021-02-03 08:44:02,2021-02-03 08:44:54,54,"No",0
"330","S11",20180313,"8:45:48","8:46:34","Short Call","low","0:00:46","08","20180313_08","S11_20180313",2021-02-03 08:45:48,2021-02-03 08:46:34,-21,"No",0
"331","S11",20180313,"8:46:13","8:47:04","Long Call","low","0:00:51","08","20180313_08","S11_20180313",2021-02-03 08:46:13,2021-02-03 08:47:04,7614,"No",0
"332","S11",20180313,"10:53:58","10:54:56","Long Call","high","0:00:58","10","20180313_10","S11_20180313",2021-02-03 10:53:58,2021-02-03 10:54:56,182,"No",0
"333","S11",20180313,"10:57:58","10:58:39","Long Call","high","0:00:41","10","20180313_10","S11_20180313",2021-02-03 10:57:58,2021-02-03 10:58:39,-1,"Yes",1
"334","S11",20180313,"10:58:38","10:59:20","Short Call","low","0:00:42","10","20180313_10","S11_20180313",2021-02-03 10:58:38,2021-02-03 10:59:20,2932,"No",0
"335","S11",20180313,"11:48:12","11:49:47","Short Call","low","0:01:35","11","20180313_11","S11_20180313",2021-02-03 11:48:12,2021-02-03 11:49:47,6530,"No",0
"336","S11",20180313,"13:38:37","13:39:40","Long Call","high","0:01:03","13","20180313_13","S11_20180313",2021-02-03 13:38:37,2021-02-03 13:39:40,717,"No",0
"337","S11",20180313,"13:51:37","13:53:23","Long Call","high","0:01:46","13","20180313_13","S11_20180313",2021-02-03 13:51:37,2021-02-03 13:53:23,NA,"No",0
"338","S11",20180314,"6:58:04","6:58:59","Short Call","low","0:00:55","06","20180314_06","S11_20180314",2021-02-03 06:58:04,2021-02-03 06:58:59,422,"No",0
"339","S11",20180314,"7:06:01","7:06:47","Short Call","low","0:00:46","07","20180314_07","S11_20180314",2021-02-03 07:06:01,2021-02-03 07:06:47,94,"No",0
"340","S11",20180314,"7:08:21","7:09:45","Long Call","low","0:01:24","07","20180314_07","S11_20180314",2021-02-03 07:08:21,2021-02-03 07:09:45,1431,"No",0
"341","S11",20180314,"7:33:36","7:35:24","Long Call","low","0:01:48","07","20180314_07","S11_20180314",2021-02-03 07:33:36,2021-02-03 07:35:24,4283,"No",0
"342","S11",20180314,"8:46:47","8:47:49","Long Call","high","0:01:02","08","20180314_08","S11_20180314",2021-02-03 08:46:47,2021-02-03 08:47:49,59,"No",0
"343","S11",20180314,"8:48:48","8:49:47","Short Call","low","0:00:59","08","20180314_08","S11_20180314",2021-02-03 08:48:48,2021-02-03 08:49:47,22989,"No",0
"344","S11",20180314,"15:12:56","15:18:58","Long Call","high","0:06:02","15","20180314_15","S11_20180314",2021-02-03 15:12:56,2021-02-03 15:18:58,NA,"No",0
"345","S11",20180315,"3:57:07","3:58:18","Long Call","med","0:01:11","03","20180315_03","S11_20180315",2021-02-03 03:57:07,2021-02-03 03:58:18,3,"No",0
"346","S11",20180315,"3:58:21","3:59:48","Short Call","med","0:01:27","03","20180315_03","S11_20180315",2021-02-03 03:58:21,2021-02-03 03:59:48,13422,"No",0
"347","S11",20180315,"7:43:30","7:44:41","Long Call","high","0:01:11","07","20180315_07","S11_20180315",2021-02-03 07:43:30,2021-02-03 07:44:41,8,"No",0
"348","S11",20180315,"7:44:49","7:45:47","Short Call","low","0:00:58","07","20180315_07","S11_20180315",2021-02-03 07:44:49,2021-02-03 07:45:47,8163,"No",0
"349","S11",20180315,"10:01:50","10:02:52","Long Call","low","0:01:02","10","20180315_10","S11_20180315",2021-02-03 10:01:50,2021-02-03 10:02:52,5474,"No",0
"350","S11",20180315,"11:34:06","11:34:19","Short Call","low","0:00:13","11","20180315_11","S11_20180315",2021-02-03 11:34:06,2021-02-03 11:34:19,14348,"No",0
"351","S11",20180315,"15:33:27","15:34:05","Short Call","low","0:00:38","15","20180315_15","S11_20180315",2021-02-03 15:33:27,2021-02-03 15:34:05,0,"Yes",1
"352","S11",20180315,"15:34:05","15:35:12","Long Call","med","0:01:07","15","20180315_15","S11_20180315",2021-02-03 15:34:05,2021-02-03 15:35:12,NA,"No",0
"353","S11",20180316,"7:17:08","7:18:20","Long Call","low","0:01:12","07","20180316_07","S11_20180316",2021-02-03 07:17:08,2021-02-03 07:18:20,22,"No",0
"354","S11",20180316,"7:18:42","7:19:36","Long Call","low","0:00:54","07","20180316_07","S11_20180316",2021-02-03 07:18:42,2021-02-03 07:19:36,3831,"No",0
"355","S11",20180316,"8:23:27","8:24:33","Short Call","low","0:01:06","08","20180316_08","S11_20180316",2021-02-03 08:23:27,2021-02-03 08:24:33,2116,"No",0
"356","S11",20180316,"8:59:49","9:00:53","Long Call","high","0:01:04","08","20180316_08","S11_20180316",2021-02-03 08:59:49,2021-02-03 09:00:53,10855,"No",0
"357","S11",20180316,"12:01:48","12:02:57","Long Call","high","0:01:09","12","20180316_12","S11_20180316",2021-02-03 12:01:48,2021-02-03 12:02:57,9026,"No",0
"358","S11",20180316,"14:33:23","14:34:36","Long Call","med","0:01:13","14","20180316_14","S11_20180316",2021-02-03 14:33:23,2021-02-03 14:34:36,779,"No",0
"359","S11",20180316,"14:47:35","14:48:21","Long Call","high","0:00:46","14","20180316_14","S11_20180316",2021-02-03 14:47:35,2021-02-03 14:48:21,-12,"No",0
"360","S11",20180316,"14:48:09","14:48:58","Short Call","low","0:00:49","14","20180316_14","S11_20180316",2021-02-03 14:48:09,2021-02-03 14:48:58,NA,"No",0
"361","S11",20180317,"6:51:42","6:52:48","Short Call","low","0:01:06","06","20180317_06","S11_20180317",2021-02-03 06:51:42,2021-02-03 06:52:48,1738,"No",0
"362","S11",20180317,"7:21:46","7:22:51","Long Call","med","0:01:05","07","20180317_07","S11_20180317",2021-02-03 07:21:46,2021-02-03 07:22:51,3,"No",0
"363","S11",20180317,"7:22:54","7:24:13","Short Call","low","0:01:19","07","20180317_07","S11_20180317",2021-02-03 07:22:54,2021-02-03 07:24:13,4159,"No",0
"364","S11",20180317,"8:33:32","8:34:32","Long Call","med","0:01:00","08","20180317_08","S11_20180317",2021-02-03 08:33:32,2021-02-03 08:34:32,-12,"No",0
"365","S11",20180317,"8:34:20","8:35:15","Short Call","low","0:00:55","08","20180317_08","S11_20180317",2021-02-03 08:34:20,2021-02-03 08:35:15,3542,"No",0
"366","S11",20180317,"9:34:17","9:35:13","Short Call","low","0:00:56","09","20180317_09","S11_20180317",2021-02-03 09:34:17,2021-02-03 09:35:13,3977,"No",0
"367","S11",20180317,"10:41:30","10:42:31","Long Call","high","0:01:01","10","20180317_10","S11_20180317",2021-02-03 10:41:30,2021-02-03 10:42:31,-1,"Yes",1
"368","S11",20180317,"10:42:30","10:43:08","Short Call","med","0:00:38","10","20180317_10","S11_20180317",2021-02-03 10:42:30,2021-02-03 10:43:08,98,"No",0
"369","S11",20180317,"10:44:46","10:45:36","Long Call","med","0:00:50","10","20180317_10","S11_20180317",2021-02-03 10:44:46,2021-02-03 10:45:36,29648,"No",0
"370","S11",20180317,"18:59:44","19:00:52","Short Call","low","0:01:08","18","20180317_18","S11_20180317",2021-02-03 18:59:44,2021-02-03 19:00:52,9,"No",0
"371","S11",20180317,"19:01:01","19:02:14","Long Call","med","0:01:13","19","20180317_19","S11_20180317",2021-02-03 19:01:01,2021-02-03 19:02:14,14,"No",0
"372","S11",20180317,"19:02:28","19:03:19","Short Call","low","0:00:51","19","20180317_19","S11_20180317",2021-02-03 19:02:28,2021-02-03 19:03:19,NA,"No",0
"373","S11",20180318,"7:02:56","7:03:58","Short Call","med","0:01:02","07","20180318_07","S11_20180318",2021-02-03 07:02:56,2021-02-03 07:03:58,1062,"No",0
"374","S11",20180318,"7:21:40","7:22:56","Short Call","med","0:01:16","07","20180318_07","S11_20180318",2021-02-03 07:21:40,2021-02-03 07:22:56,1437,"No",0
"375","S11",20180318,"7:46:53","7:47:50","Short Call","low","0:00:57","07","20180318_07","S11_20180318",2021-02-03 07:46:53,2021-02-03 07:47:50,1176,"No",0
"376","S11",20180318,"8:07:26","8:08:42","Long Call","low","0:01:16","08","20180318_08","S11_20180318",2021-02-03 08:07:26,2021-02-03 08:08:42,3,"No",0
"377","S11",20180318,"8:08:45","8:09:24","Short Call","low","0:00:39","08","20180318_08","S11_20180318",2021-02-03 08:08:45,2021-02-03 08:09:24,39660,"No",0
"378","S11",20180318,"19:10:24","19:11:15","Long Call","low","0:00:51","19","20180318_19","S11_20180318",2021-02-03 19:10:24,2021-02-03 19:11:15,1,"No",0
"379","S11",20180318,"19:11:16","19:12:37","Short Call","low","0:01:21","19","20180318_19","S11_20180318",2021-02-03 19:11:16,2021-02-03 19:12:37,0,"Yes",1
"380","S11",20180318,"19:12:37","19:13:55","Long Call","high","0:01:18","19","20180318_19","S11_20180318",2021-02-03 19:12:37,2021-02-03 19:13:55,NA,"No",0
"381","S11",20180319,"4:48:06","4:49:20","Long Call","high","0:01:14","04","20180319_04","S11_20180319",2021-02-03 04:48:06,2021-02-03 04:49:20,1,"No",0
"382","S11",20180319,"4:49:21","4:49:50","Short Call","low","0:00:29","04","20180319_04","S11_20180319",2021-02-03 04:49:21,2021-02-03 04:49:50,25027,"No",0
"383","S11",20180319,"11:46:57","11:48:01","Long Call","high","0:01:04","11","20180319_11","S11_20180319",2021-02-03 11:46:57,2021-02-03 11:48:01,NA,"No",0
"384","S11",20180320,"4:26:02","4:27:13","Short Call","med","0:01:11","04","20180320_04","S11_20180320",2021-02-03 04:26:02,2021-02-03 04:27:13,17128,"No",0
"385","S11",20180320,"9:12:41","9:13:30","Long Call","low","0:00:49","09","20180320_09","S11_20180320",2021-02-03 09:12:41,2021-02-03 09:13:30,-14,"No",0
"386","S11",20180320,"9:13:16","9:14:10","Short Call","med","0:00:54","09","20180320_09","S11_20180320",2021-02-03 09:13:16,2021-02-03 09:14:10,7115,"No",0
"387","S11",20180320,"11:12:45","11:14:14","Long Call","med","0:01:29","11","20180320_11","S11_20180320",2021-02-03 11:12:45,2021-02-03 11:14:14,1054,"No",0
"388","S11",20180320,"11:31:48","11:35:33","Long Call","med","0:03:45","11","20180320_11","S11_20180320",2021-02-03 11:31:48,2021-02-03 11:35:33,0,"Yes",1
"389","S11",20180320,"11:35:33","11:36:43","Short Call","med","0:01:10","11","20180320_11","S11_20180320",2021-02-03 11:35:33,2021-02-03 11:36:43,139,"No",0
"390","S11",20180320,"11:39:02","11:40:33","Short Call","med","0:01:31","11","20180320_11","S11_20180320",2021-02-03 11:39:02,2021-02-03 11:40:33,1440,"No",0
"391","S11",20180320,"12:04:33","12:05:30","Short Call","low","0:00:57","12","20180320_12","S11_20180320",2021-02-03 12:04:33,2021-02-03 12:05:30,2741,"No",0
"392","S11",20180320,"12:51:11","12:53:22","Long Call","med","0:02:11","12","20180320_12","S11_20180320",2021-02-03 12:51:11,2021-02-03 12:53:22,-3,"Yes",1
"393","S11",20180320,"12:53:19","12:53:36","Short Call","med","0:00:17","12","20180320_12","S11_20180320",2021-02-03 12:53:19,2021-02-03 12:53:36,986,"No",0
"394","S11",20180320,"13:10:02","13:11:00","Short Call","med","0:00:58","13","20180320_13","S11_20180320",2021-02-03 13:10:02,2021-02-03 13:11:00,314,"No",0
"395","S11",20180320,"13:16:14","13:17:09","Short Call","med","0:00:55","13","20180320_13","S11_20180320",2021-02-03 13:16:14,2021-02-03 13:17:09,NA,"No",0
"396","S11",20180321,"7:32:13","7:33:50","Long Call","med","0:01:37","07","20180321_07","S11_20180321",2021-02-03 07:32:13,2021-02-03 07:33:50,20,"No",0
"397","S11",20180321,"7:34:10","7:35:11","Short Call","low","0:01:01","07","20180321_07","S11_20180321",2021-02-03 07:34:10,2021-02-03 07:35:11,11166,"No",0
"398","S11",20180321,"10:41:17","10:44:03","Long Call","med","0:02:46","10","20180321_10","S11_20180321",2021-02-03 10:41:17,2021-02-03 10:44:03,294,"No",0
"399","S11",20180321,"10:48:57","10:49:38","Short Call","med","0:00:41","10","20180321_10","S11_20180321",2021-02-03 10:48:57,2021-02-03 10:49:38,16612,"No",0
"401","S11",20180321,"15:26:30","15:28:08","Long Call","high","0:01:38","15","20180321_15","S11_20180321",2021-02-03 15:26:30,2021-02-03 15:28:08,61,"No",0
"402","S11",20180321,"15:29:09","15:30:00","Short Call","low","0:00:51","15","20180321_15","S11_20180321",2021-02-03 15:29:09,2021-02-03 15:30:00,-47,"No",0
"403","S11",20180321,"15:29:13","15:30:17","Long Call","low","0:01:04","15","20180321_15","S11_20180321",2021-02-03 15:29:13,2021-02-03 15:30:17,3479,"No",0
"404","S11",20180321,"16:28:16","16:29:28","Long Call","med","0:01:12","16","20180321_16","S11_20180321",2021-02-03 16:28:16,2021-02-03 16:29:28,NA,"No",0
"406","S11",20180322,"4:38:57","4:39:59","Short Call","low","0:01:02","04","20180322_04","S11_20180322",2021-02-03 04:38:57,2021-02-03 04:39:59,8866,"No",0
"407","S11",20180322,"7:07:45","7:08:57","Long Call","low","0:01:12","07","20180322_07","S11_20180322",2021-02-03 07:07:45,2021-02-03 07:08:57,8,"No",0
"408","S11",20180322,"7:09:05","7:09:47","Short Call","low","0:00:42","07","20180322_07","S11_20180322",2021-02-03 07:09:05,2021-02-03 07:09:47,1612,"No",0
"409","S11",20180322,"7:36:39","7:37:50","Short Call","med","0:01:11","07","20180322_07","S11_20180322",2021-02-03 07:36:39,2021-02-03 07:37:50,4502,"No",0
"410","S11",20180322,"8:52:52","8:54:02","Short Call","low","0:01:10","08","20180322_08","S11_20180322",2021-02-03 08:52:52,2021-02-03 08:54:02,2939,"No",0
"411","S11",20180322,"9:43:01","9:44:17","Short Call","low","0:01:16","09","20180322_09","S11_20180322",2021-02-03 09:43:01,2021-02-03 09:44:17,3593,"No",0
"412","S11",20180322,"10:44:10","10:45:03","Long Call","med","0:00:53","10","20180322_10","S11_20180322",2021-02-03 10:44:10,2021-02-03 10:45:03,2,"No",0
"413","S11",20180322,"10:45:05","10:45:35","Short Call","low","0:00:30","10","20180322_10","S11_20180322",2021-02-03 10:45:05,2021-02-03 10:45:35,71,"No",0
"414","S11",20180322,"10:46:46","10:47:21","Short Call","low","0:00:35","10","20180322_10","S11_20180322",2021-02-03 10:46:46,2021-02-03 10:47:21,9038,"No",0
"415","S11",20180322,"13:17:59","13:19:20","Long Call","low","0:01:21","13","20180322_13","S11_20180322",2021-02-03 13:17:59,2021-02-03 13:19:20,22,"No",0
"416","S11",20180322,"13:19:42","13:20:29","Short Call","low","0:00:47","13","20180322_13","S11_20180322",2021-02-03 13:19:42,2021-02-03 13:20:29,5149,"No",0
"417","S11",20180322,"14:46:18","14:47:47","Long Call","med","0:01:29","14","20180322_14","S11_20180322",2021-02-03 14:46:18,2021-02-03 14:47:47,NA,"No",0
"418","S11",20180323,"4:26:46","4:28:06","Long Call","med","0:01:20","04","20180323_04","S11_20180323",2021-02-03 04:26:46,2021-02-03 04:28:06,16,"No",0
"419","S11",20180323,"4:28:22","4:29:27","Long Call","med","0:01:05","04","20180323_04","S11_20180323",2021-02-03 04:28:22,2021-02-03 04:29:27,11686,"No",0
"420","S11",20180323,"7:44:13","7:44:52","Long Call","med","0:00:39","07","20180323_07","S11_20180323",2021-02-03 07:44:13,2021-02-03 07:44:52,5,"No",0
"421","S11",20180323,"7:44:57","7:45:57","Short Call","med","0:01:00","07","20180323_07","S11_20180323",2021-02-03 07:44:57,2021-02-03 07:45:57,28,"No",0
"422","S11",20180323,"7:46:25","7:47:08","Long Call","med","0:00:43","07","20180323_07","S11_20180323",2021-02-03 07:46:25,2021-02-03 07:47:08,-15,"No",0
"423","S11",20180323,"7:46:53","7:47:36","Short Call","med","0:00:43","07","20180323_07","S11_20180323",2021-02-03 07:46:53,2021-02-03 07:47:36,4852,"No",0
"424","S11",20180323,"9:08:28","9:09:14","Long Call","med","0:00:46","09","20180323_09","S11_20180323",2021-02-03 09:08:28,2021-02-03 09:09:14,-1,"Yes",1
"425","S11",20180323,"9:09:13","9:09:52","Short Call","med","0:00:39","09","20180323_09","S11_20180323",2021-02-03 09:09:13,2021-02-03 09:09:52,2417,"No",0
"426","S11",20180323,"9:50:09","9:51:58","Long Call","high","0:01:49","09","20180323_09","S11_20180323",2021-02-03 09:50:09,2021-02-03 09:51:58,-45,"No",0
"427","S11",20180323,"9:51:13","9:52:41","Long Call","med","0:01:28","09","20180323_09","S11_20180323",2021-02-03 09:51:13,2021-02-03 09:52:41,-2,"Yes",1
"428","S11",20180323,"9:52:39","9:53:45","Short Call","low","0:01:06","09","20180323_09","S11_20180323",2021-02-03 09:52:39,2021-02-03 09:53:45,1251,"No",0
"429","S11",20180323,"10:14:36","10:15:02","Short Call","low","0:00:26","10","20180323_10","S11_20180323",2021-02-03 10:14:36,2021-02-03 10:15:02,6060,"No",0
"430","S11",20180323,"11:56:02","11:57:18","Long Call","high","0:01:16","11","20180323_11","S11_20180323",2021-02-03 11:56:02,2021-02-03 11:57:18,-3,"Yes",1
"431","S11",20180323,"11:57:15","11:58:14","Short Call","low","0:00:59","11","20180323_11","S11_20180323",2021-02-03 11:57:15,2021-02-03 11:58:14,5984,"No",0
"432","S11",20180323,"13:37:58","13:38:06","Short Call","low","0:00:08","13","20180323_13","S11_20180323",2021-02-03 13:37:58,2021-02-03 13:38:06,952,"No",0
"433","S11",20180323,"13:53:58","13:54:57","Short Call","low","0:00:59","13","20180323_13","S11_20180323",2021-02-03 13:53:58,2021-02-03 13:54:57,14,"No",0
"434","S11",20180323,"13:55:11","13:56:13","Long Call","low","0:01:02","13","20180323_13","S11_20180323",2021-02-03 13:55:11,2021-02-03 13:56:13,202,"No",0
"435","S11",20180323,"13:59:35","14:00:05","Short Call","low","0:00:30","13","20180323_13","S11_20180323",2021-02-03 13:59:35,2021-02-03 14:00:05,9352,"No",0
"436","S11",20180323,"16:35:57","16:36:37","Short Call","med","0:00:40","16","20180323_16","S11_20180323",2021-02-03 16:35:57,2021-02-03 16:36:37,76,"No",0
"437","S11",20180323,"16:37:53","16:38:51","Short Call","low","0:00:58","16","20180323_16","S11_20180323",2021-02-03 16:37:53,2021-02-03 16:38:51,NA,"No",0
"438","S11",20180324,"6:39:11","6:40:04","Short Call","low","0:00:53","06","20180324_06","S11_20180324",2021-02-03 06:39:11,2021-02-03 06:40:04,1667,"No",0
"439","S11",20180324,"7:07:51","7:09:04","Short Call","med","0:01:13","07","20180324_07","S11_20180324",2021-02-03 07:07:51,2021-02-03 07:09:04,27,"No",0
"440","S11",20180324,"7:09:31","7:10:23","Short Call","med","0:00:52","07","20180324_07","S11_20180324",2021-02-03 07:09:31,2021-02-03 07:10:23,9418,"No",0
"441","S11",20180324,"9:47:21","9:48:15","Long Call","med","0:00:54","09","20180324_09","S11_20180324",2021-02-03 09:47:21,2021-02-03 09:48:15,-16,"No",0
"442","S11",20180324,"9:47:59","9:49:11","Short Call","low","0:01:12","09","20180324_09","S11_20180324",2021-02-03 09:47:59,2021-02-03 09:49:11,2615,"No",0
"443","S11",20180324,"10:32:46","10:33:58","Short Call","med","0:01:12","10","20180324_10","S11_20180324",2021-02-03 10:32:46,2021-02-03 10:33:58,3309,"No",0
"444","S11",20180324,"11:29:07","11:30:37","Long Call","med","0:01:30","11","20180324_11","S11_20180324",2021-02-03 11:29:07,2021-02-03 11:30:37,4917,"No",0
"445","S11",20180324,"12:52:34","12:53:47","Long Call","med","0:01:13","12","20180324_12","S11_20180324",2021-02-03 12:52:34,2021-02-03 12:53:47,842,"No",0
"446","S11",20180324,"13:07:49","13:09:05","Long Call","low","0:01:16","13","20180324_13","S11_20180324",2021-02-03 13:07:49,2021-02-03 13:09:05,-21,"No",0
"447","S11",20180324,"13:08:44","13:10:00","Short Call","low","0:01:16","13","20180324_13","S11_20180324",2021-02-03 13:08:44,2021-02-03 13:10:00,NA,"No",0
"448","S11",20180325,"6:17:19","6:18:44","Short Call","low","0:01:25","06","20180325_06","S11_20180325",2021-02-03 06:17:19,2021-02-03 06:18:44,1396,"No",0
"449","S11",20180325,"6:42:00","6:42:49","Short Call","low","0:00:49","06","20180325_06","S11_20180325",2021-02-03 06:42:00,2021-02-03 06:42:49,81,"No",0
"450","S11",20180325,"6:44:10","6:45:56","Short Call","low","0:01:46","06","20180325_06","S11_20180325",2021-02-03 06:44:10,2021-02-03 06:45:56,1109,"No",0
"451","S11",20180325,"7:04:25","7:05:34","Long Call","high","0:01:09","07","20180325_07","S11_20180325",2021-02-03 07:04:25,2021-02-03 07:05:34,3650,"No",0
"452","S11",20180325,"8:06:24","8:07:05","Short Call","low","0:00:41","08","20180325_08","S11_20180325",2021-02-03 08:06:24,2021-02-03 08:07:05,7819,"No",0
"453","S11",20180325,"10:17:24","10:18:09","Long Call","high","0:00:45","10","20180325_10","S11_20180325",2021-02-03 10:17:24,2021-02-03 10:18:09,-11,"No",0
"454","S11",20180325,"10:17:58","10:18:15","Short Call","med","0:00:17","10","20180325_10","S11_20180325",2021-02-03 10:17:58,2021-02-03 10:18:15,NA,"No",0
"455","S11",20180326,"7:08:32","7:09:08","Short Call","low","0:00:36","07","20180326_07","S11_20180326",2021-02-03 07:08:32,2021-02-03 07:09:08,0,"Yes",1
"456","S11",20180327,"2:00:59","2:03:13","Long Call","med","0:02:14","02","20180327_02","S11_20180327",2021-02-03 02:00:59,2021-02-03 02:03:13,92,"No",0
"457","S11",20180327,"2:04:45","2:06:00","Long Call","med","0:01:15","02","20180327_02","S11_20180327",2021-02-03 02:04:45,2021-02-03 02:06:00,-1,"Yes",1
"458","S11",20180327,"2:05:59","2:07:49","Short Call","low","0:01:50","02","20180327_02","S11_20180327",2021-02-03 02:05:59,2021-02-03 02:07:49,NA,"No",0
"459","S11",20180328,"4:48:07","4:49:13","Short Call","low","0:01:06","04","20180328_04","S11_20180328",2021-02-03 04:48:07,2021-02-03 04:49:13,39,"No",0
"460","S11",20180328,"4:49:52","4:52:59","Short Call","low","0:03:07","04","20180328_04","S11_20180328",2021-02-03 04:49:52,2021-02-03 04:52:59,5761,"No",0
"461","S11",20180328,"6:29:00","6:30:07","Long Call","med","0:01:07","06","20180328_06","S11_20180328",2021-02-03 06:29:00,2021-02-03 06:30:07,1946,"No",0
"462","S11",20180328,"7:02:33","7:04:55","Long Call","med","0:02:22","07","20180328_07","S11_20180328",2021-02-03 07:02:33,2021-02-03 07:04:55,-23,"No",0
"463","S11",20180328,"7:04:32","7:05:32","Short Call","low","0:01:00","07","20180328_07","S11_20180328",2021-02-03 07:04:32,2021-02-03 07:05:32,2986,"No",0
"464","S11",20180328,"7:55:18","7:56:09","Short Call","low","0:00:51","07","20180328_07","S11_20180328",2021-02-03 07:55:18,2021-02-03 07:56:09,13,"No",0
"465","S11",20180328,"7:56:22","7:58:33","Long Call","high","0:02:11","07","20180328_07","S11_20180328",2021-02-03 07:56:22,2021-02-03 07:58:33,1583,"No",0
"466","S11",20180328,"8:24:56","8:26:02","Long Call","high","0:01:06","08","20180328_08","S11_20180328",2021-02-03 08:24:56,2021-02-03 08:26:02,3710,"No",0
"467","S11",20180328,"9:27:52","9:28:56","Long Call","high","0:01:04","09","20180328_09","S11_20180328",2021-02-03 09:27:52,2021-02-03 09:28:56,4,"No",0
"468","S11",20180328,"9:29:00","9:29:40","Short Call","low","0:00:40","09","20180328_09","S11_20180328",2021-02-03 09:29:00,2021-02-03 09:29:40,5855,"No",0
"469","S11",20180328,"11:07:15","11:08:17","Long Call","high","0:01:02","11","20180328_11","S11_20180328",2021-02-03 11:07:15,2021-02-03 11:08:17,-1,"Yes",1
"470","S11",20180328,"11:08:16","11:08:42","Short Call","low","0:00:26","11","20180328_11","S11_20180328",2021-02-03 11:08:16,2021-02-03 11:08:42,2147,"No",0
"471","S11",20180328,"11:44:29","11:45:14","Long Call","high","0:00:45","11","20180328_11","S11_20180328",2021-02-03 11:44:29,2021-02-03 11:45:14,-4,"Yes",1
"472","S11",20180328,"11:45:10","11:46:09","Short Call","low","0:00:59","11","20180328_11","S11_20180328",2021-02-03 11:45:10,2021-02-03 11:46:09,19819,"No",0
"473","S11",20180328,"17:16:28","17:17:30","Long Call","high","0:01:02","17","20180328_17","S11_20180328",2021-02-03 17:16:28,2021-02-03 17:17:30,-3,"Yes",1
"474","S11",20180328,"17:17:27","17:17:57","Short Call","med","0:00:30","17","20180328_17","S11_20180328",2021-02-03 17:17:27,2021-02-03 17:17:57,NA,"No",0
"475","S11",20180329,"3:59:04","3:59:13","Short Call","med","0:00:09","03","20180329_03","S11_20180329",2021-02-03 03:59:04,2021-02-03 03:59:13,11891,"No",0
"476","S11",20180329,"7:17:24","7:18:31","Long Call","high","0:01:07","07","20180329_07","S11_20180329",2021-02-03 07:17:24,2021-02-03 07:18:31,-10,"No",0
"477","S11",20180329,"7:18:21","7:19:25","Short Call","low","0:01:04","07","20180329_07","S11_20180329",2021-02-03 07:18:21,2021-02-03 07:19:25,15,"No",0
"478","S11",20180329,"7:19:40","7:20:45","Long Call","low","0:01:05","07","20180329_07","S11_20180329",2021-02-03 07:19:40,2021-02-03 07:20:45,97,"No",0
"479","S11",20180329,"7:22:22","7:23:08","Short Call","low","0:00:46","07","20180329_07","S11_20180329",2021-02-03 07:22:22,2021-02-03 07:23:08,11069,"No",0
"480","S11",20180329,"10:27:37","10:29:32","Short Call","low","0:01:55","10","20180329_10","S11_20180329",2021-02-03 10:27:37,2021-02-03 10:29:32,36,"No",0
"481","S11",20180329,"10:30:08","10:31:00","Long Call","high","0:00:52","10","20180329_10","S11_20180329",2021-02-03 10:30:08,2021-02-03 10:31:00,-14,"No",0
"482","S11",20180329,"10:30:46","10:31:31","Short Call","low","0:00:45","10","20180329_10","S11_20180329",2021-02-03 10:30:46,2021-02-03 10:31:31,20223,"No",0
"483","S11",20180329,"16:08:34","16:10:04","Short Call","low","0:01:30","16","20180329_16","S11_20180329",2021-02-03 16:08:34,2021-02-03 16:10:04,34,"No",0
"484","S11",20180329,"16:10:38","16:11:54","Long Call","med","0:01:16","16","20180329_16","S11_20180329",2021-02-03 16:10:38,2021-02-03 16:11:54,-2,"Yes",1
"485","S11",20180329,"16:11:52","16:12:30","Short Call","low","0:00:38","16","20180329_16","S11_20180329",2021-02-03 16:11:52,2021-02-03 16:12:30,3236,"No",0
"486","S11",20180329,"17:06:26","17:07:57","Long Call","med","0:01:31","17","20180329_17","S11_20180329",2021-02-03 17:06:26,2021-02-03 17:07:57,NA,"No",0
"487","S11",20180330,"6:31:03","6:32:20","Long Call","med","0:01:17","06","20180330_06","S11_20180330",2021-02-03 06:31:03,2021-02-03 06:32:20,-3,"Yes",1
"488","S11",20180330,"6:32:17","6:33:32","Short Call","low","0:01:15","06","20180330_06","S11_20180330",2021-02-03 06:32:17,2021-02-03 06:33:32,2821,"No",0
"489","S11",20180330,"7:20:33","7:21:21","Short Call","low","0:00:48","07","20180330_07","S11_20180330",2021-02-03 07:20:33,2021-02-03 07:21:21,8169,"No",0
"490","S11",20180330,"9:37:30","9:38:12","Long Call","high","0:00:42","09","20180330_09","S11_20180330",2021-02-03 09:37:30,2021-02-03 09:38:12,-17,"No",0
"491","S11",20180330,"9:37:55","9:38:58","Short Call","low","0:01:03","09","20180330_09","S11_20180330",2021-02-03 09:37:55,2021-02-03 09:38:58,3774,"No",0
"492","S11",20180330,"10:41:52","10:43:02","Long Call","high","0:01:10","10","20180330_10","S11_20180330",2021-02-03 10:41:52,2021-02-03 10:43:02,11910,"No",0
"493","S11",20180330,"14:01:32","14:02:36","Long Call","high","0:01:04","14","20180330_14","S11_20180330",2021-02-03 14:01:32,2021-02-03 14:02:36,5917,"No",0
"494","S11",20180330,"15:41:13","15:42:40","Long Call","high","0:01:27","15","20180330_15","S11_20180330",2021-02-03 15:41:13,2021-02-03 15:42:40,NA,"No",0
"495","S11",20180331,"4:29:52","4:31:26","Long Call","high","0:01:34","04","20180331_04","S11_20180331",2021-02-03 04:29:52,2021-02-03 04:31:26,-9,"No",0
"496","S11",20180331,"4:31:17","4:33:18","Long Call","low","0:02:01","04","20180331_04","S11_20180331",2021-02-03 04:31:17,2021-02-03 04:33:18,7265,"No",0
"497","S11",20180331,"6:34:23","6:35:25","Long Call","med","0:01:02","06","20180331_06","S11_20180331",2021-02-03 06:34:23,2021-02-03 06:35:25,-20,"No",0
"498","S11",20180331,"6:35:05","6:36:16","Short Call","low","0:01:11","06","20180331_06","S11_20180331",2021-02-03 06:35:05,2021-02-03 06:36:16,1305,"No",0
"499","S11",20180331,"6:58:01","6:58:37","Short Call","low","0:00:36","06","20180331_06","S11_20180331",2021-02-03 06:58:01,2021-02-03 06:58:37,1460,"No",0
"500","S11",20180331,"7:22:57","7:23:35","Short Call","low","0:00:38","07","20180331_07","S11_20180331",2021-02-03 07:22:57,2021-02-03 07:23:35,2811,"No",0
"501","S11",20180331,"8:10:26","8:11:11","Short Call","low","0:00:45","08","20180331_08","S11_20180331",2021-02-03 08:10:26,2021-02-03 08:11:11,463,"No",0
"502","S11",20180331,"8:18:54","8:19:58","Long Call","med","0:01:04","08","20180331_08","S11_20180331",2021-02-03 08:18:54,2021-02-03 08:19:58,0,"Yes",1
"503","S11",20180331,"8:19:58","8:20:43","Short Call","low","0:00:45","08","20180331_08","S11_20180331",2021-02-03 08:19:58,2021-02-03 08:20:43,7618,"No",0
"504","S11",20180331,"10:27:41","10:28:58","Long Call","low","0:01:17","10","20180331_10","S11_20180331",2021-02-03 10:27:41,2021-02-03 10:28:58,-48,"No",0
"505","S11",20180331,"10:28:10","10:29:23","Short Call","low","0:01:13","10","20180331_10","S11_20180331",2021-02-03 10:28:10,2021-02-03 10:29:23,16912,"No",0
"506","S11",20180331,"15:11:15","15:12:51","Long Call","high","0:01:36","15","20180331_15","S11_20180331",2021-02-03 15:11:15,2021-02-03 15:12:51,2,"No",0
"507","S11",20180331,"15:12:53","15:14:00","Long Call","high","0:01:07","15","20180331_15","S11_20180331",2021-02-03 15:12:53,2021-02-03 15:14:00,13657,"No",0
"508","S11",20180331,"19:01:37","19:02:45","Long Call","med","0:01:08","19","20180331_19","S11_20180331",2021-02-03 19:01:37,2021-02-03 19:02:45,-106,"No",0
"509","S11",20180331,"19:00:59","19:03:01","Short Call","low","0:02:02","19","20180331_19","S11_20180331",2021-02-03 19:00:59,2021-02-03 19:03:01,NA,"No",0
"510","S11",20180401,"6:58:24","6:59:56","Short Call","med","0:01:32","06","20180401_06","S11_20180401",2021-02-03 06:58:24,2021-02-03 06:59:56,-49,"No",0
"511","S11",20180401,"6:59:07","7:00:19","Long Call","med","0:01:12","06","20180401_06","S11_20180401",2021-02-03 06:59:07,2021-02-03 07:00:19,-16,"No",0
"512","S11",20180401,"7:00:03","7:01:27","Short Call","med","0:01:24","07","20180401_07","S11_20180401",2021-02-03 07:00:03,2021-02-03 07:01:27,2618,"No",0
"513","S11",20180401,"7:45:05","7:45:58","Short Call","med","0:00:53","07","20180401_07","S11_20180401",2021-02-03 07:45:05,2021-02-03 07:45:58,625,"No",0
"514","S11",20180401,"7:56:23","7:57:43","Short Call","low","0:01:20","07","20180401_07","S11_20180401",2021-02-03 07:56:23,2021-02-03 07:57:43,118,"No",0
"515","S11",20180401,"7:59:41","8:01:01","Short Call","med","0:01:20","07","20180401_07","S11_20180401",2021-02-03 07:59:41,2021-02-03 08:01:01,-61,"No",0
"516","S11",20180401,"8:00:00","8:01:13","Long Call","high","0:01:13","08","20180401_08","S11_20180401",2021-02-03 08:00:00,2021-02-03 08:01:13,1,"No",0
"517","S11",20180401,"8:01:14","8:02:33","Short Call","low","0:01:19","08","20180401_08","S11_20180401",2021-02-03 08:01:14,2021-02-03 08:02:33,249,"No",0
"518","S11",20180401,"8:06:42","8:07:17","Short Call","low","0:00:35","08","20180401_08","S11_20180401",2021-02-03 08:06:42,2021-02-03 08:07:17,1457,"No",0
"519","S11",20180401,"8:31:34","8:32:36","Short Call","med","0:01:02","08","20180401_08","S11_20180401",2021-02-03 08:31:34,2021-02-03 08:32:36,4695,"No",0
"520","S11",20180401,"9:50:51","9:51:28","Short Call","low","0:00:37","09","20180401_09","S11_20180401",2021-02-03 09:50:51,2021-02-03 09:51:28,2732,"No",0
"521","S11",20180401,"10:37:00","10:38:06","Long Call","high","0:01:06","10","20180401_10","S11_20180401",2021-02-03 10:37:00,2021-02-03 10:38:06,52,"No",0
"522","S11",20180401,"10:38:58","10:40:15","Short Call","low","0:01:17","10","20180401_10","S11_20180401",2021-02-03 10:38:58,2021-02-03 10:40:15,14447,"No",0
"523","S11",20180401,"14:41:02","14:42:26","Long Call","high","0:01:24","14","20180401_14","S11_20180401",2021-02-03 14:41:02,2021-02-03 14:42:26,4184,"No",0
"524","S11",20180401,"15:52:10","15:52:40","Short Call","low","0:00:30","15","20180401_15","S11_20180401",2021-02-03 15:52:10,2021-02-03 15:52:40,10819,"No",0
"525","S11",20180401,"18:52:59","18:54:30","Short Call","low","0:01:31","18","20180401_18","S11_20180401",2021-02-03 18:52:59,2021-02-03 18:54:30,26,"No",0
"526","S11",20180401,"18:54:56","18:56:07","Short Call","low","0:01:11","18","20180401_18","S11_20180401",2021-02-03 18:54:56,2021-02-03 18:56:07,43,"No",0
"527","S11",20180401,"18:56:50","18:57:01","Short Call","high","0:00:11","18","20180401_18","S11_20180401",2021-02-03 18:56:50,2021-02-03 18:57:01,3,"No",0
"528","S11",20180401,"18:57:04","18:59:27","Short Call","low","0:02:23","18","20180401_18","S11_20180401",2021-02-03 18:57:04,2021-02-03 18:59:27,NA,"No",0
"529","S11",20180402,"3:55:31","3:56:52","Long Call","high","0:01:21","03","20180402_03","S11_20180402",2021-02-03 03:55:31,2021-02-03 03:56:52,60,"No",0
"530","S11",20180402,"3:57:52","3:59:18","Long Call","low","0:01:26","03","20180402_03","S11_20180402",2021-02-03 03:57:52,2021-02-03 03:59:18,10095,"No",0
"531","S11",20180402,"6:47:33","6:48:44","Long Call","med","0:01:11","06","20180402_06","S11_20180402",2021-02-03 06:47:33,2021-02-03 06:48:44,-9,"No",0
"532","S11",20180402,"6:48:35","6:49:40","Short Call","low","0:01:05","06","20180402_06","S11_20180402",2021-02-03 06:48:35,2021-02-03 06:49:40,610,"No",0
"533","S11",20180402,"6:59:50","7:00:44","Short Call","low","0:00:54","06","20180402_06","S11_20180402",2021-02-03 06:59:50,2021-02-03 07:00:44,23,"No",0
"534","S11",20180402,"7:01:07","7:02:10","Short Call","low","0:01:03","07","20180402_07","S11_20180402",2021-02-03 07:01:07,2021-02-03 07:02:10,3426,"No",0
"535","S11",20180402,"7:59:16","8:00:33","Short Call","low","0:01:17","07","20180402_07","S11_20180402",2021-02-03 07:59:16,2021-02-03 08:00:33,6789,"No",0
"536","S11",20180402,"9:53:42","9:54:25","Short Call","low","0:00:43","09","20180402_09","S11_20180402",2021-02-03 09:53:42,2021-02-03 09:54:25,2527,"No",0
"537","S11",20180402,"10:36:32","10:37:47","Long Call","high","0:01:15","10","20180402_10","S11_20180402",2021-02-03 10:36:32,2021-02-03 10:37:47,5507,"No",0
"538","S11",20180402,"12:09:34","12:09:49","Short Call","low","0:00:15","12","20180402_12","S11_20180402",2021-02-03 12:09:34,2021-02-03 12:09:49,4374,"No",0
"539","S11",20180402,"13:22:43","13:23:34","Short Call","med","0:00:51","13","20180402_13","S11_20180402",2021-02-03 13:22:43,2021-02-03 13:23:34,1631,"No",0
"540","S11",20180402,"13:50:45","13:52:15","Long Call","med","0:01:30","13","20180402_13","S11_20180402",2021-02-03 13:50:45,2021-02-03 13:52:15,2,"No",0
"541","S11",20180402,"13:52:17","13:54:12","Short Call","low","0:01:55","13","20180402_13","S11_20180402",2021-02-03 13:52:17,2021-02-03 13:54:12,4018,"No",0
"542","S11",20180402,"15:01:10","15:02:21","Long Call","low","0:01:11","15","20180402_15","S11_20180402",2021-02-03 15:01:10,2021-02-03 15:02:21,-39,"No",0
"543","S11",20180402,"15:01:42","15:02:42","Short Call","low","0:01:00","15","20180402_15","S11_20180402",2021-02-03 15:01:42,2021-02-03 15:02:42,NA,"No",0
"544","S11",20180403,"6:35:48","6:37:03","Long Call","med","0:01:15","06","20180403_06","S11_20180403",2021-02-03 06:35:48,2021-02-03 06:37:03,-8,"No",0
"545","S11",20180403,"6:36:55","6:37:36","Short Call","low","0:00:41","06","20180403_06","S11_20180403",2021-02-03 06:36:55,2021-02-03 06:37:36,9762,"No",0
"546","S11",20180403,"9:20:18","9:22:00","Long Call","high","0:01:42","09","20180403_09","S11_20180403",2021-02-03 09:20:18,2021-02-03 09:22:00,1,"No",0
"547","S11",20180403,"9:22:01","9:22:38","Short Call","low","0:00:37","09","20180403_09","S11_20180403",2021-02-03 09:22:01,2021-02-03 09:22:38,2514,"No",0
"548","S11",20180403,"10:04:32","10:05:19","Long Call","high","0:00:47","10","20180403_10","S11_20180403",2021-02-03 10:04:32,2021-02-03 10:05:19,-14,"No",0
"549","S11",20180403,"10:05:05","10:06:06","Short Call","low","0:01:01","10","20180403_10","S11_20180403",2021-02-03 10:05:05,2021-02-03 10:06:06,5726,"No",0
"550","S11",20180403,"11:41:32","11:42:47","Long Call","high","0:01:15","11","20180403_11","S11_20180403",2021-02-03 11:41:32,2021-02-03 11:42:47,-18,"No",0
"551","S11",20180403,"11:42:29","11:43:35","Short Call","low","0:01:06","11","20180403_11","S11_20180403",2021-02-03 11:42:29,2021-02-03 11:43:35,5525,"No",0
"552","S11",20180403,"13:15:40","13:17:08","Long Call","high","0:01:28","13","20180403_13","S11_20180403",2021-02-03 13:15:40,2021-02-03 13:17:08,1361,"No",0
"553","S11",20180403,"13:39:49","13:40:28","Short Call","low","0:00:39","13","20180403_13","S11_20180403",2021-02-03 13:39:49,2021-02-03 13:40:28,6178,"No",0
"554","S11",20180403,"15:23:26","15:24:36","Long Call","low","0:01:10","15","20180403_15","S11_20180403",2021-02-03 15:23:26,2021-02-03 15:24:36,-50,"No",0
"555","S11",20180403,"15:23:46","15:25:13","Short Call","low","0:01:27","15","20180403_15","S11_20180403",2021-02-03 15:23:46,2021-02-03 15:25:13,3617,"No",0
"556","S11",20180403,"16:25:30","16:26:37","Short Call","med","0:01:07","16","20180403_16","S11_20180403",2021-02-03 16:25:30,2021-02-03 16:26:37,475,"No",0
"557","S11",20180403,"16:34:32","16:35:24","Short Call","low","0:00:52","16","20180403_16","S11_20180403",2021-02-03 16:34:32,2021-02-03 16:35:24,NA,"No",0
"558","S11",20180404,"10:24:03","10:25:07","Long Call","med","0:01:04","10","20180404_10","S11_20180404",2021-02-03 10:24:03,2021-02-03 10:25:07,5847,"No",0
"559","S11",20180404,"12:02:34","12:04:11","Short Call","low","0:01:37","12","20180404_12","S11_20180404",2021-02-03 12:02:34,2021-02-03 12:04:11,2597,"No",0
"560","S11",20180404,"12:47:28","12:47:35","Short Call","high","0:00:07","12","20180404_12","S11_20180404",2021-02-03 12:47:28,2021-02-03 12:47:35,6,"No",0
"561","S11",20180404,"12:47:41","12:49:16","Short Call","low","0:01:35","12","20180404_12","S11_20180404",2021-02-03 12:47:41,2021-02-03 12:49:16,1886,"No",0
"562","S11",20180404,"13:20:42","13:23:24","Long Call","med","0:02:42","13","20180404_13","S11_20180404",2021-02-03 13:20:42,2021-02-03 13:23:24,-49,"No",0
"563","S11",20180404,"13:22:35","13:24:15","Short Call","low","0:01:40","13","20180404_13","S11_20180404",2021-02-03 13:22:35,2021-02-03 13:24:15,1662,"No",0
"564","S11",20180404,"13:51:57","13:56:40","Long Call","low","0:04:43","13","20180404_13","S11_20180404",2021-02-03 13:51:57,2021-02-03 13:56:40,-78,"No",0
"565","S11",20180404,"13:55:22","13:57:15","Short Call","low","0:01:53","13","20180404_13","S11_20180404",2021-02-03 13:55:22,2021-02-03 13:57:15,9177,"No",0
"566","S11",20180404,"16:30:12","16:34:34","Long Call","med","0:04:22","16","20180404_16","S11_20180404",2021-02-03 16:30:12,2021-02-03 16:34:34,-212,"No",0
"567","S11",20180404,"16:31:02","16:35:21","Short Call","low","0:04:19","16","20180404_16","S11_20180404",2021-02-03 16:31:02,2021-02-03 16:35:21,NA,"No",0
"568","S11",20180405,"7:14:17","7:15:12","Short Call","low","0:00:55","07","20180405_07","S11_20180405",2021-02-03 07:14:17,2021-02-03 07:15:12,9,"No",0
"569","S11",20180405,"7:15:21","7:16:32","Long Call","high","0:01:11","07","20180405_07","S11_20180405",2021-02-03 07:15:21,2021-02-03 07:16:32,7652,"No",0
"570","S11",20180405,"9:24:04","9:25:08","Short Call","low","0:01:04","09","20180405_09","S11_20180405",2021-02-03 09:24:04,2021-02-03 09:25:08,1961,"No",0
"571","S11",20180405,"9:57:49","9:59:01","Long Call","high","0:01:12","09","20180405_09","S11_20180405",2021-02-03 09:57:49,2021-02-03 09:59:01,3,"No",0
"572","S11",20180405,"9:59:04","9:59:43","Short Call","med","0:00:39","09","20180405_09","S11_20180405",2021-02-03 09:59:04,2021-02-03 09:59:43,640,"No",0
"573","S11",20180405,"10:10:23","10:13:07","Short Call","low","0:02:44","10","20180405_10","S11_20180405",2021-02-03 10:10:23,2021-02-03 10:13:07,9226,"No",0
"574","S11",20180405,"12:46:53","12:47:57","Long Call","high","0:01:04","12","20180405_12","S11_20180405",2021-02-03 12:46:53,2021-02-03 12:47:57,99,"No",0
"575","S11",20180405,"12:49:36","12:50:30","Short Call","low","0:00:54","12","20180405_12","S11_20180405",2021-02-03 12:49:36,2021-02-03 12:50:30,1275,"No",0
"576","S11",20180405,"13:11:45","13:13:50","Short Call","low","0:02:05","13","20180405_13","S11_20180405",2021-02-03 13:11:45,2021-02-03 13:13:50,9828,"No",0
"577","S11",20180405,"15:57:38","15:59:22","Short Call","low","0:01:44","15","20180405_15","S11_20180405",2021-02-03 15:57:38,2021-02-03 15:59:22,2007,"No",0
"578","S11",20180405,"16:32:49","16:33:52","Short Call","low","0:01:03","16","20180405_16","S11_20180405",2021-02-03 16:32:49,2021-02-03 16:33:52,NA,"No",0
"579","S11",20180406,"5:15:40","5:16:52","Long Call","high","0:01:12","05","20180406_05","S11_20180406",2021-02-03 05:15:40,2021-02-03 05:16:52,-11,"No",0
"580","S11",20180406,"5:16:41","5:18:33","Long Call","med","0:01:52","05","20180406_05","S11_20180406",2021-02-03 05:16:41,2021-02-03 05:18:33,5885,"No",0
"581","S11",20180406,"6:56:38","6:57:23","Short Call","med","0:00:45","06","20180406_06","S11_20180406",2021-02-03 06:56:38,2021-02-03 06:57:23,2872,"No",0
"582","S11",20180406,"7:45:15","7:46:18","Long Call","med","0:01:03","07","20180406_07","S11_20180406",2021-02-03 07:45:15,2021-02-03 07:46:18,-28,"No",0
"583","S11",20180406,"7:45:50","7:47:00","Short Call","low","0:01:10","07","20180406_07","S11_20180406",2021-02-03 07:45:50,2021-02-03 07:47:00,7761,"No",0
"584","S11",20180406,"9:56:21","9:58:19","Short Call","low","0:01:58","09","20180406_09","S11_20180406",2021-02-03 09:56:21,2021-02-03 09:58:19,4386,"No",0
"585","S11",20180406,"11:11:25","11:12:17","Short Call","med","0:00:52","11","20180406_11","S11_20180406",2021-02-03 11:11:25,2021-02-03 11:12:17,1397,"No",0
"586","S11",20180406,"11:35:34","11:36:52","Short Call","med","0:01:18","11","20180406_11","S11_20180406",2021-02-03 11:35:34,2021-02-03 11:36:52,5524,"No",0
"587","S11",20180406,"13:08:56","13:09:05","Short Call","med","0:00:09","13","20180406_13","S11_20180406",2021-02-03 13:08:56,2021-02-03 13:09:05,1728,"No",0
"588","S11",20180406,"13:37:53","13:39:07","Long Call","med","0:01:14","13","20180406_13","S11_20180406",2021-02-03 13:37:53,2021-02-03 13:39:07,-12,"No",0
"589","S11",20180406,"13:38:55","13:39:27","Short Call","low","0:00:32","13","20180406_13","S11_20180406",2021-02-03 13:38:55,2021-02-03 13:39:27,1331,"No",0
"590","S11",20180406,"14:01:38","14:02:50","Long Call","med","0:01:12","14","20180406_14","S11_20180406",2021-02-03 14:01:38,2021-02-03 14:02:50,246,"No",0
"591","S11",20180406,"14:06:56","14:08:41","Long Call","high","0:01:45","14","20180406_14","S11_20180406",2021-02-03 14:06:56,2021-02-03 14:08:41,2533,"No",0
"592","S11",20180406,"14:50:54","14:51:59","Long Call","high","0:01:05","14","20180406_14","S11_20180406",2021-02-03 14:50:54,2021-02-03 14:51:59,4926,"No",0
"593","S11",20180406,"16:14:05","16:14:53","Short Call","med","0:00:48","16","20180406_16","S11_20180406",2021-02-03 16:14:05,2021-02-03 16:14:53,NA,"No",0
"596","S11",20180407,"7:02:50","7:04:07","Long Call","med","0:01:17","07","20180407_07","S11_20180407",2021-02-03 07:02:50,2021-02-03 07:04:07,3011,"No",0
"599","S11",20180407,"7:54:18","7:55:36","Long Call","med","0:01:18","07","20180407_07","S11_20180407",2021-02-03 07:54:18,2021-02-03 07:55:36,-12,"No",0
"600","S11",20180407,"7:55:24","7:56:16","Short Call","low","0:00:52","07","20180407_07","S11_20180407",2021-02-03 07:55:24,2021-02-03 07:56:16,11928,"No",0
"606","S11",20180407,"11:15:04","11:15:51","Long Call","high","0:00:47","11","20180407_11","S11_20180407",2021-02-03 11:15:04,2021-02-03 11:15:51,1045,"No",0
"607","S11",20180407,"11:33:16","11:33:52","Long Call","low","0:00:36","11","20180407_11","S11_20180407",2021-02-03 11:33:16,2021-02-03 11:33:52,11082,"No",0
"608","S11",20180407,"14:38:34","14:39:30","Long Call","low","0:00:56","14","20180407_14","S11_20180407",2021-02-03 14:38:34,2021-02-03 14:39:30,7774,"No",0
"609","S11",20180407,"16:49:04","16:49:12","Short Call","med","0:00:08","16","20180407_16","S11_20180407",2021-02-03 16:49:04,2021-02-03 16:49:12,NA,"No",0
"610","S11",20180408,"4:02:04","4:03:54","Short Call","med","0:01:50","04","20180408_04","S11_20180408",2021-02-03 04:02:04,2021-02-03 04:03:54,10094,"No",0
"611","S11",20180408,"6:52:08","6:52:48","Long Call","med","0:00:40","06","20180408_06","S11_20180408",2021-02-03 06:52:08,2021-02-03 06:52:48,-23,"No",0
"612","S11",20180408,"6:52:25","6:53:40","Short Call","low","0:01:15","06","20180408_06","S11_20180408",2021-02-03 06:52:25,2021-02-03 06:53:40,741,"No",0
"613","S11",20180408,"7:06:01","7:07:08","Long Call","med","0:01:07","07","20180408_07","S11_20180408",2021-02-03 07:06:01,2021-02-03 07:07:08,2783,"No",0
"614","S11",20180408,"7:53:31","7:54:45","Long Call","med","0:01:14","07","20180408_07","S11_20180408",2021-02-03 07:53:31,2021-02-03 07:54:45,-40,"No",0
"615","S11",20180408,"7:54:05","7:54:24","Short Call","med","0:00:19","07","20180408_07","S11_20180408",2021-02-03 07:54:05,2021-02-03 07:54:24,1785,"No",0
"616","S11",20180408,"8:24:09","8:25:01","Short Call","low","0:00:52","08","20180408_08","S11_20180408",2021-02-03 08:24:09,2021-02-03 08:25:01,5332,"No",0
"617","S11",20180408,"9:53:53","9:54:31","Long Call","low","0:00:38","09","20180408_09","S11_20180408",2021-02-03 09:53:53,2021-02-03 09:54:31,-17,"No",0
"618","S11",20180408,"9:54:14","9:54:56","Short Call","low","0:00:42","09","20180408_09","S11_20180408",2021-02-03 09:54:14,2021-02-03 09:54:56,9315,"No",0
"619","S11",20180408,"12:30:11","12:31:17","Long Call","low","0:01:06","12","20180408_12","S11_20180408",2021-02-03 12:30:11,2021-02-03 12:31:17,24,"No",0
"620","S11",20180408,"12:31:41","12:32:52","Long Call","med","0:01:11","12","20180408_12","S11_20180408",2021-02-03 12:31:41,2021-02-03 12:32:52,6519,"No",0
"621","S11",20180408,"14:21:31","14:24:42","Short Call","med","0:03:11","14","20180408_14","S11_20180408",2021-02-03 14:21:31,2021-02-03 14:24:42,4178,"No",0
"622","S11",20180408,"15:34:20","15:36:20","Long Call","high","0:02:00","15","20180408_15","S11_20180408",2021-02-03 15:34:20,2021-02-03 15:36:20,NA,"No",0
"623","S11",20180409,"7:59:16","8:00:45","Long Call","high","0:01:29","07","20180409_07","S11_20180409",2021-02-03 07:59:16,2021-02-03 08:00:45,-30,"No",0
"624","S11",20180409,"8:00:15","8:01:22","Short Call","med","0:01:07","08","20180409_08","S11_20180409",2021-02-03 08:00:15,2021-02-03 08:01:22,915,"No",0
"625","S11",20180409,"8:16:37","8:17:24","Short Call","med","0:00:47","08","20180409_08","S11_20180409",2021-02-03 08:16:37,2021-02-03 08:17:24,17844,"No",0
"626","S11",20180409,"13:14:48","13:16:03","Long Call","med","0:01:15","13","20180409_13","S11_20180409",2021-02-03 13:14:48,2021-02-03 13:16:03,33,"No",0
"627","S11",20180409,"13:16:36","13:17:42","Long Call","med","0:01:06","13","20180409_13","S11_20180409",2021-02-03 13:16:36,2021-02-03 13:17:42,4182,"No",0
"628","S11",20180409,"14:27:24","14:28:40","Short Call","med","0:01:16","14","20180409_14","S11_20180409",2021-02-03 14:27:24,2021-02-03 14:28:40,1121,"No",0
"629","S11",20180409,"14:47:21","14:48:33","Long Call","med","0:01:12","14","20180409_14","S11_20180409",2021-02-03 14:47:21,2021-02-03 14:48:33,-64,"No",0
"630","S11",20180409,"14:47:29","14:48:55","Short Call","low","0:01:26","14","20180409_14","S11_20180409",2021-02-03 14:47:29,2021-02-03 14:48:55,1198,"No",0
"631","S11",20180409,"15:08:53","15:10:03","Long Call","high","0:01:10","15","20180409_15","S11_20180409",2021-02-03 15:08:53,2021-02-03 15:10:03,13887,"No",0
"632","S11",20180409,"19:01:30","19:04:24","Long Call","med","0:02:54","19","20180409_19","S11_20180409",2021-02-03 19:01:30,2021-02-03 19:04:24,-116,"No",0
"633","S11",20180409,"19:02:28","19:04:53","Short Call","med","0:02:25","19","20180409_19","S11_20180409",2021-02-03 19:02:28,2021-02-03 19:04:53,NA,"No",0
"634","S11",20180410,"4:28:20","4:31:15","Short Call","med","0:02:55","04","20180410_04","S11_20180410",2021-02-03 04:28:20,2021-02-03 04:31:15,45,"No",0
"635","S11",20180410,"4:32:00","4:33:22","Long Call","high","0:01:22","04","20180410_04","S11_20180410",2021-02-03 04:32:00,2021-02-03 04:33:22,0,"Yes",1
"636","S11",20180410,"4:33:22","4:34:46","Long Call","low","0:01:24","04","20180410_04","S11_20180410",2021-02-03 04:33:22,2021-02-03 04:34:46,8763,"No",0
"637","S11",20180410,"7:00:49","7:02:17","Long Call","high","0:01:28","07","20180410_07","S11_20180410",2021-02-03 07:00:49,2021-02-03 07:02:17,1929,"No",0
"638","S11",20180410,"7:34:26","7:35:43","Short Call","med","0:01:17","07","20180410_07","S11_20180410",2021-02-03 07:34:26,2021-02-03 07:35:43,37,"No",0
"639","S11",20180410,"7:36:20","7:37:41","Short Call","med","0:01:21","07","20180410_07","S11_20180410",2021-02-03 07:36:20,2021-02-03 07:37:41,29,"No",0
"640","S11",20180410,"7:38:10","7:38:55","Short Call","low","0:00:45","07","20180410_07","S11_20180410",2021-02-03 07:38:10,2021-02-03 07:38:55,6443,"No",0
"641","S11",20180410,"9:26:18","9:27:36","Long Call","med","0:01:18","09","20180410_09","S11_20180410",2021-02-03 09:26:18,2021-02-03 09:27:36,-35,"No",0
"642","S11",20180410,"9:27:01","9:28:05","Short Call","med","0:01:04","09","20180410_09","S11_20180410",2021-02-03 09:27:01,2021-02-03 09:28:05,8941,"No",0
"643","S11",20180410,"11:57:06","11:58:17","Short Call","low","0:01:11","11","20180410_11","S11_20180410",2021-02-03 11:57:06,2021-02-03 11:58:17,7908,"No",0
"644","S11",20180410,"14:10:05","14:11:24","Long Call","med","0:01:19","14","20180410_14","S11_20180410",2021-02-03 14:10:05,2021-02-03 14:11:24,-22,"No",0
"645","S11",20180410,"14:11:02","14:12:01","Short Call","low","0:00:59","14","20180410_14","S11_20180410",2021-02-03 14:11:02,2021-02-03 14:12:01,7712,"No",0
"646","S11",20180410,"16:20:33","16:23:04","Long Call","med","0:02:31","16","20180410_16","S11_20180410",2021-02-03 16:20:33,2021-02-03 16:23:04,NA,"No",0
"647","S11",20180411,"4:41:05","4:42:24","Short Call","low","0:01:19","04","20180411_04","S11_20180411",2021-02-03 04:41:05,2021-02-03 04:42:24,13,"No",0
"648","S11",20180411,"4:42:37","4:44:03","Short Call","low","0:01:26","04","20180411_04","S11_20180411",2021-02-03 04:42:37,2021-02-03 04:44:03,53,"No",0
"649","S11",20180411,"4:44:56","4:46:26","Short Call","low","0:01:30","04","20180411_04","S11_20180411",2021-02-03 04:44:56,2021-02-03 04:46:26,-60,"No",0
"650","S11",20180411,"4:45:26","4:46:29","Long Call","med","0:01:03","04","20180411_04","S11_20180411",2021-02-03 04:45:26,2021-02-03 04:46:29,49,"No",0
"651","S11",20180411,"4:47:18","4:47:39","Short Call","low","0:00:21","04","20180411_04","S11_20180411",2021-02-03 04:47:18,2021-02-03 04:47:39,12023,"No",0
"652","S11",20180411,"8:08:02","8:09:16","Long Call","high","0:01:14","08","20180411_08","S11_20180411",2021-02-03 08:08:02,2021-02-03 08:09:16,200,"No",0
"653","S11",20180411,"8:12:36","8:13:56","Short Call","low","0:01:20","08","20180411_08","S11_20180411",2021-02-03 08:12:36,2021-02-03 08:13:56,11275,"No",0
"654","S11",20180411,"11:21:51","11:22:58","Long Call","high","0:01:07","11","20180411_11","S11_20180411",2021-02-03 11:21:51,2021-02-03 11:22:58,NA,"No",0
"655","S11",20180412,"4:13:01","4:14:26","Long Call","low","0:01:25","04","20180412_04","S11_20180412",2021-02-03 04:13:01,2021-02-03 04:14:26,-38,"No",0
"656","S11",20180412,"4:13:48","4:15:00","Short Call","low","0:01:12","04","20180412_04","S11_20180412",2021-02-03 04:13:48,2021-02-03 04:15:00,9520,"No",0
"657","S11",20180412,"6:53:40","6:54:53","Long Call","med","0:01:13","06","20180412_06","S11_20180412",2021-02-03 06:53:40,2021-02-03 06:54:53,2,"No",0
"658","S11",20180412,"6:54:55","6:55:34","Short Call","low","0:00:39","06","20180412_06","S11_20180412",2021-02-03 06:54:55,2021-02-03 06:55:34,1174,"No",0
"659","S11",20180412,"7:15:08","7:16:40","Long Call","med","0:01:32","07","20180412_07","S11_20180412",2021-02-03 07:15:08,2021-02-03 07:16:40,-78,"No",0
"660","S11",20180412,"7:15:22","7:17:23","Short Call","low","0:02:01","07","20180412_07","S11_20180412",2021-02-03 07:15:22,2021-02-03 07:17:23,4330,"No",0
"661","S11",20180412,"8:29:33","8:31:20","Long Call","med","0:01:47","08","20180412_08","S11_20180412",2021-02-03 08:29:33,2021-02-03 08:31:20,-41,"No",0
"662","S11",20180412,"8:30:39","8:32:32","Short Call","low","0:01:53","08","20180412_08","S11_20180412",2021-02-03 08:30:39,2021-02-03 08:32:32,179,"No",0
"663","S11",20180412,"8:35:31","8:37:10","Short Call","low","0:01:39","08","20180412_08","S11_20180412",2021-02-03 08:35:31,2021-02-03 08:37:10,NA,"No",0
"664","S11",20180413,"6:51:03","6:52:10","Long Call","med","0:01:07","06","20180413_06","S11_20180413",2021-02-03 06:51:03,2021-02-03 06:52:10,16,"No",0
"665","S11",20180413,"6:52:26","6:52:40","Short Call","low","0:00:14","06","20180413_06","S11_20180413",2021-02-03 06:52:26,2021-02-03 06:52:40,2856,"No",0
"666","S11",20180413,"7:40:16","7:41:01","Long Call","med","0:00:45","07","20180413_07","S11_20180413",2021-02-03 07:40:16,2021-02-03 07:41:01,1964,"No",0
"667","S11",20180413,"8:13:45","8:14:22","Short Call","med","0:00:37","08","20180413_08","S11_20180413",2021-02-03 08:13:45,2021-02-03 08:14:22,7732,"No",0
"668","S11",20180413,"10:23:14","10:23:54","Long Call","med","0:00:40","10","20180413_10","S11_20180413",2021-02-03 10:23:14,2021-02-03 10:23:54,-3,"Yes",1
"669","S11",20180413,"10:23:51","10:24:25","Short Call","low","0:00:34","10","20180413_10","S11_20180413",2021-02-03 10:23:51,2021-02-03 10:24:25,9683,"No",0
"670","S11",20180413,"13:05:48","13:07:03","Long Call","high","0:01:15","13","20180413_13","S11_20180413",2021-02-03 13:05:48,2021-02-03 13:07:03,5960,"No",0
"671","S11",20180413,"14:46:23","14:47:27","Long Call","med","0:01:04","14","20180413_14","S11_20180413",2021-02-03 14:46:23,2021-02-03 14:47:27,4763,"No",0
"672","S11",20180413,"16:06:50","16:07:58","Long Call","low","0:01:08","16","20180413_16","S11_20180413",2021-02-03 16:06:50,2021-02-03 16:07:58,9799,"No",0
"673","S11",20180413,"18:51:17","18:53:38","Short Call","low","0:02:21","18","20180413_18","S11_20180413",2021-02-03 18:51:17,2021-02-03 18:53:38,-89,"No",0
"674","S11",20180413,"18:52:09","18:53:38","Long Call","low","0:01:29","18","20180413_18","S11_20180413",2021-02-03 18:52:09,2021-02-03 18:53:38,NA,"No",0
"675","S11",20180414,"7:21:53","7:23:13","Long Call","low","0:01:20","07","20180414_07","S11_20180414",2021-02-03 07:21:53,2021-02-03 07:23:13,-37,"No",0
"676","S11",20180414,"7:22:36","7:24:12","Short Call","low","0:01:36","07","20180414_07","S11_20180414",2021-02-03 07:22:36,2021-02-03 07:24:12,5091,"No",0
"677","S11",20180414,"8:49:03","8:50:21","Long Call","med","0:01:18","08","20180414_08","S11_20180414",2021-02-03 08:49:03,2021-02-03 08:50:21,-17,"No",0
"678","S11",20180414,"8:50:04","8:51:00","Short Call","low","0:00:56","08","20180414_08","S11_20180414",2021-02-03 08:50:04,2021-02-03 08:51:00,5087,"No",0
"679","S11",20180414,"10:15:47","10:17:57","Long Call","low","0:02:10","10","20180414_10","S11_20180414",2021-02-03 10:15:47,2021-02-03 10:17:57,-90,"No",0
"680","S11",20180414,"10:16:27","10:17:18","Short Call","med","0:00:51","10","20180414_10","S11_20180414",2021-02-03 10:16:27,2021-02-03 10:17:18,10841,"No",0
"681","S11",20180414,"13:17:59","13:19:15","Long Call","low","0:01:16","13","20180414_13","S11_20180414",2021-02-03 13:17:59,2021-02-03 13:19:15,8,"No",0
"682","S11",20180414,"13:19:23","13:20:39","Long Call","med","0:01:16","13","20180414_13","S11_20180414",2021-02-03 13:19:23,2021-02-03 13:20:39,NA,"No",0
"1101","S12",20180214,"4:51:45","4:54:08","Long Call","med","0:02:23","04","20180214_04","S12_20180214",2021-02-03 04:51:45,2021-02-03 04:54:08,18447,"No",0
"2101","S12",20180214,"10:01:35","10:02:33","Long Call","med","0:00:58","10","20180214_10","S12_20180214",2021-02-03 10:01:35,2021-02-03 10:02:33,NA,"No",0
"3101","S12",20180215,"9:36:37","9:37:37","Long Call","med","0:01:00","09","20180215_09","S12_20180215",2021-02-03 09:36:37,2021-02-03 09:37:37,0,"Yes",1
"4101","S12",20180216,"3:42:38","3:43:24","Long Call","med","0:00:46","03","20180216_03","S12_20180216",2021-02-03 03:42:38,2021-02-03 03:43:24,128,"No",0
"595","S12",20180216,"3:45:32","3:46:51","Long Call","med","0:01:19","03","20180216_03","S12_20180216",2021-02-03 03:45:32,2021-02-03 03:46:51,NA,"No",0
"684","S12",20180219,"19:12:55","19:14:10","Long Call","med","0:01:15","19","20180219_19","S12_20180219",2021-02-03 19:12:55,2021-02-03 19:14:10,37,"No",0
"711","S12",20180219,"19:14:47","19:16:00","Long Call","med","0:01:13","19","20180219_19","S12_20180219",2021-02-03 19:14:47,2021-02-03 19:16:00,NA,"No",0
"811","S12",20180220,"7:28:51","7:29:55","Long Call","med","0:01:04","07","20180220_07","S12_20180220",2021-02-03 07:28:51,2021-02-03 07:29:55,0,"Yes",1
"911","S12",20180222,"11:40:36","11:41:20","Long Call","low","0:00:44","11","20180222_11","S12_20180222",2021-02-03 11:40:36,2021-02-03 11:41:20,29,"No",0
"1011","S12",20180222,"11:41:49","11:42:45","Long Call","high","0:00:56","11","20180222_11","S12_20180222",2021-02-03 11:41:49,2021-02-03 11:42:45,7108,"No",0
"1111","S12",20180222,"13:41:13","13:42:15","Long Call","low","0:01:02","13","20180222_13","S12_20180222",2021-02-03 13:41:13,2021-02-03 13:42:15,NA,"No",0
"1211","S12",20180223,"7:07:46","7:08:49","Long Call","med","0:01:03","07","20180223_07","S12_20180223",2021-02-03 07:07:46,2021-02-03 07:08:49,0,"Yes",1
"1311","S12",20180224,"7:06:05","7:08:22","Long Call","med","0:02:17","07","20180224_07","S12_20180224",2021-02-03 07:06:05,2021-02-03 07:08:22,0,"Yes",1
"1411","S12",20180225,"4:32:53","4:34:10","Long Call","med","0:01:17","04","20180225_04","S12_20180225",2021-02-03 04:32:53,2021-02-03 04:34:10,0,"Yes",1
"1511","S12",20180226,"15:11:09","15:12:14","Long Call","high","0:01:05","15","20180226_15","S12_20180226",2021-02-03 15:11:09,2021-02-03 15:12:14,0,"Yes",1
"1611","S12",20180227,"4:33:24","4:34:09","Long Call","low","0:00:45","04","20180227_04","S12_20180227",2021-02-03 04:33:24,2021-02-03 04:34:09,27,"No",0
"1711","S12",20180227,"4:34:36","4:35:53","Long Call","med","0:01:17","04","20180227_04","S12_20180227",2021-02-03 04:34:36,2021-02-03 04:35:53,NA,"No",0
"1811","S12",20180304,"7:32:18","7:33:23","Long Call","high","0:01:05","07","20180304_07","S12_20180304",2021-02-03 07:32:18,2021-02-03 07:33:23,0,"Yes",1
"1911","S12",20180305,"11:42:45","11:43:53","Long Call","med","0:01:08","11","20180305_11","S12_20180305",2021-02-03 11:42:45,2021-02-03 11:43:53,0,"Yes",1
"2011","S12",20180306,"12:47:37","12:49:03","Long Call","med","0:01:26","12","20180306_12","S12_20180306",2021-02-03 12:47:37,2021-02-03 12:49:03,0,"Yes",1
"2111","S12",20180310,"7:39:32","7:41:17","Long Call","med","0:01:45","07","20180310_07","S12_20180310",2021-02-03 07:39:32,2021-02-03 07:41:17,0,"Yes",1
"2211","S12",20180311,"7:06:34","7:07:37","Long Call","high","0:01:03","07","20180311_07","S12_20180311",2021-02-03 07:06:34,2021-02-03 07:07:37,23,"No",0
"2310","S12",20180311,"7:08:00","7:08:40","Long Call","med","0:00:40","07","20180311_07","S12_20180311",2021-02-03 07:08:00,2021-02-03 07:08:40,6241,"No",0
"2411","S12",20180311,"8:52:41","8:53:37","Long Call","high","0:00:56","08","20180311_08","S12_20180311",2021-02-03 08:52:41,2021-02-03 08:53:37,NA,"No",0
"2510","S12",20180312,"7:34:08","7:35:12","Long Call","med","0:01:04","07","20180312_07","S12_20180312",2021-02-03 07:34:08,2021-02-03 07:35:12,40940,"No",0
"2610","S12",20180312,"18:57:32","18:58:32","Long Call","med","0:01:00","18","20180312_18","S12_20180312",2021-02-03 18:57:32,2021-02-03 18:58:32,NA,"No",0
"2711","S12",20180313,"8:39:19","8:40:05","Long Call","high","0:00:46","08","20180313_08","S12_20180313",2021-02-03 08:39:19,2021-02-03 08:40:05,930,"No",0
"2810","S12",20180313,"8:55:35","8:57:18","Long Call","low","0:01:43","08","20180313_08","S12_20180313",2021-02-03 08:55:35,2021-02-03 08:57:18,2341,"No",0
"2911","S12",20180313,"9:36:19","9:37:12","Long Call","high","0:00:53","09","20180313_09","S12_20180313",2021-02-03 09:36:19,2021-02-03 09:37:12,33493,"No",0
"3011","S12",20180313,"18:55:25","18:56:07","Long Call","high","0:00:42","18","20180313_18","S12_20180313",2021-02-03 18:55:25,2021-02-03 18:56:07,90,"No",0
"3111","S12",20180313,"18:57:37","18:59:04","Long Call","high","0:01:27","18","20180313_18","S12_20180313",2021-02-03 18:57:37,2021-02-03 18:59:04,NA,"No",0
"3211","S12",20180314,"7:36:00","7:38:35","Long Call","high","0:02:35","07","20180314_07","S12_20180314",2021-02-03 07:36:00,2021-02-03 07:38:35,2324,"No",0
"3311","S12",20180314,"8:17:19","8:17:58","Long Call","low","0:00:39","08","20180314_08","S12_20180314",2021-02-03 08:17:19,2021-02-03 08:17:58,NA,"No",0
"3411","S12",20180315,"7:26:02","7:27:41","Long Call","high","0:01:39","07","20180315_07","S12_20180315",2021-02-03 07:26:02,2021-02-03 07:27:41,0,"Yes",1
"3511","S12",20180316,"7:26:31","7:27:32","Long Call","med","0:01:01","07","20180316_07","S12_20180316",2021-02-03 07:26:31,2021-02-03 07:27:32,0,"Yes",1
"3611","S12",20180317,"11:57:04","11:58:34","Long Call","low","0:01:30","11","20180317_11","S12_20180317",2021-02-03 11:57:04,2021-02-03 11:58:34,25167,"No",0
"3711","S12",20180317,"18:58:01","18:59:11","Long Call","med","0:01:10","18","20180317_18","S12_20180317",2021-02-03 18:58:01,2021-02-03 18:59:11,118,"No",0
"3811","S12",20180317,"19:01:09","19:02:28","Long Call","low","0:01:19","19","20180317_19","S12_20180317",2021-02-03 19:01:09,2021-02-03 19:02:28,-75,"No",0
"3911","S12",20180317,"19:01:13","19:02:27","Long Call","low","0:01:14","19","20180317_19","S12_20180317",2021-02-03 19:01:13,2021-02-03 19:02:27,NA,"No",0
"4011","S12",20180318,"5:20:07","5:21:28","Long Call","med","0:01:21","05","20180318_05","S12_20180318",2021-02-03 05:20:07,2021-02-03 05:21:28,2,"No",0
"4111","S12",20180318,"5:21:30","5:22:20","Long Call","low","0:00:50","05","20180318_05","S12_20180318",2021-02-03 05:21:30,2021-02-03 05:22:20,10033,"No",0
"4211","S12",20180318,"8:09:33","8:11:06","Long Call","high","0:01:33","08","20180318_08","S12_20180318",2021-02-03 08:09:33,2021-02-03 08:11:06,16051,"No",0
"4311","S12",20180318,"12:38:37","12:39:28","Long Call","med","0:00:51","12","20180318_12","S12_20180318",2021-02-03 12:38:37,2021-02-03 12:39:28,23523,"No",0
"4411","S12",20180318,"19:11:31","19:12:47","Long Call","low","0:01:16","19","20180318_19","S12_20180318",2021-02-03 19:11:31,2021-02-03 19:12:47,NA,"No",0
"4511","S12",20180319,"7:36:46","7:37:44","Long Call","low","0:00:58","07","20180319_07","S12_20180319",2021-02-03 07:36:46,2021-02-03 07:37:44,14580,"No",0
"4611","S12",20180319,"11:40:44","11:41:45","Long Call","med","0:01:01","11","20180319_11","S12_20180319",2021-02-03 11:40:44,2021-02-03 11:41:45,6778,"No",0
"4711","S12",20180319,"13:34:43","13:35:47","Long Call","low","0:01:04","13","20180319_13","S12_20180319",2021-02-03 13:34:43,2021-02-03 13:35:47,26,"No",0
"4811","S12",20180319,"13:36:13","13:37:23","Long Call","med","0:01:10","13","20180319_13","S12_20180319",2021-02-03 13:36:13,2021-02-03 13:37:23,19134,"No",0
"4911","S12",20180319,"18:56:17","18:57:15","Long Call","low","0:00:58","18","20180319_18","S12_20180319",2021-02-03 18:56:17,2021-02-03 18:57:15,71,"No",0
"5010","S12",20180319,"18:58:26","18:59:39","Long Call","low","0:01:13","18","20180319_18","S12_20180319",2021-02-03 18:58:26,2021-02-03 18:59:39,NA,"No",0
"5110","S12",20180320,"4:32:07","4:32:57","Long Call","low","0:00:50","04","20180320_04","S12_20180320",2021-02-03 04:32:07,2021-02-03 04:32:57,8724,"No",0
"5210","S12",20180320,"6:58:21","6:59:16","Long Call","med","0:00:55","06","20180320_06","S12_20180320",2021-02-03 06:58:21,2021-02-03 06:59:16,42857,"No",0
"5310","S12",20180320,"18:53:33","18:54:58","Long Call","med","0:01:25","18","20180320_18","S12_20180320",2021-02-03 18:53:33,2021-02-03 18:54:58,106,"No",0
"5410","S12",20180320,"18:56:44","18:57:36","Short Call","low","0:00:52","18","20180320_18","S12_20180320",2021-02-03 18:56:44,2021-02-03 18:57:36,35,"No",0
"5510","S12",20180320,"18:58:11","18:59:05","Long Call","low","0:00:54","18","20180320_18","S12_20180320",2021-02-03 18:58:11,2021-02-03 18:59:05,NA,"No",0
"5610","S12",20180321,"6:48:24","6:50:48","Long Call","high","0:02:24","06","20180321_06","S12_20180321",2021-02-03 06:48:24,2021-02-03 06:50:48,0,"Yes",1
"5710","S12",20180322,"7:45:02","7:45:59","Long Call","low","0:00:57","07","20180322_07","S12_20180322",2021-02-03 07:45:02,2021-02-03 07:45:59,4348,"No",0
"5810","S12",20180322,"8:58:27","8:59:43","Long Call","med","0:01:16","08","20180322_08","S12_20180322",2021-02-03 08:58:27,2021-02-03 08:59:43,6182,"No",0
"597","S12",20180322,"10:42:45","10:43:38","Long Call","low","0:00:53","10","20180322_10","S12_20180322",2021-02-03 10:42:45,2021-02-03 10:43:38,NA,"No",0
"601","S12",20180323,"7:12:45","7:14:50","Long Call","med","0:02:05","07","20180323_07","S12_20180323",2021-02-03 07:12:45,2021-02-03 07:14:50,16162,"No",0
"6110","S12",20180323,"11:44:12","11:45:07","Long Call","med","0:00:55","11","20180323_11","S12_20180323",2021-02-03 11:44:12,2021-02-03 11:45:07,NA,"No",0
"6210","S12",20180324,"6:54:08","6:55:09","Long Call","high","0:01:01","06","20180324_06","S12_20180324",2021-02-03 06:54:08,2021-02-03 06:55:09,4727,"No",0
"6310","S12",20180324,"8:13:56","8:14:43","Long Call","med","0:00:47","08","20180324_08","S12_20180324",2021-02-03 08:13:56,2021-02-03 08:14:43,12659,"No",0
"6410","S12",20180324,"11:45:42","11:47:31","Long Call","high","0:01:49","11","20180324_11","S12_20180324",2021-02-03 11:45:42,2021-02-03 11:47:31,NA,"No",0
"6510","S12",20180325,"6:46:22","6:48:00","Long Call","med","0:01:38","06","20180325_06","S12_20180325",2021-02-03 06:46:22,2021-02-03 06:48:00,5874,"No",0
"6610","S12",20180325,"8:25:54","8:27:05","Long Call","med","0:01:11","08","20180325_08","S12_20180325",2021-02-03 08:25:54,2021-02-03 08:27:05,9578,"No",0
"6710","S12",20180325,"11:06:43","11:07:40","Long Call","high","0:00:57","11","20180325_11","S12_20180325",2021-02-03 11:06:43,2021-02-03 11:07:40,208,"No",0
"685","S12",20180325,"11:11:08","11:12:31","Long Call","high","0:01:23","11","20180325_11","S12_20180325",2021-02-03 11:11:08,2021-02-03 11:12:31,NA,"No",0
"691","S12",20180327,"2:02:39","2:03:53","Long Call","med","0:01:14","02","20180327_02","S12_20180327",2021-02-03 02:02:39,2021-02-03 02:03:53,19240,"No",0
"701","S12",20180327,"7:24:33","7:26:33","Long Call","high","0:02:00","07","20180327_07","S12_20180327",2021-02-03 07:24:33,2021-02-03 07:26:33,NA,"No",0
"712","S12",20180329,"7:20:01","7:21:08","Long Call","low","0:01:07","07","20180329_07","S12_20180329",2021-02-03 07:20:01,2021-02-03 07:21:08,11139,"No",0
"721","S12",20180329,"10:26:47","10:27:44","Long Call","high","0:00:57","10","20180329_10","S12_20180329",2021-02-03 10:26:47,2021-02-03 10:27:44,NA,"No",0
"731","S12",20180330,"7:13:18","7:14:18","Long Call","low","0:01:00","07","20180330_07","S12_20180330",2021-02-03 07:13:18,2021-02-03 07:14:18,0,"Yes",1
"741","S12",20180331,"19:00:29","19:01:18","Long Call","low","0:00:49","19","20180331_19","S12_20180331",2021-02-03 19:00:29,2021-02-03 19:01:18,0,"Yes",1
"751","S12",20180401,"7:10:46","7:11:48","Long Call","high","0:01:02","07","20180401_07","S12_20180401",2021-02-03 07:10:46,2021-02-03 07:11:48,0,"Yes",1
"761","S12",20180402,"7:30:57","7:31:56","Long Call","low","0:00:59","07","20180402_07","S12_20180402",2021-02-03 07:30:57,2021-02-03 07:31:56,6069,"No",0
"771","S12",20180402,"9:13:05","9:14:15","Long Call","low","0:01:10","09","20180402_09","S12_20180402",2021-02-03 09:13:05,2021-02-03 09:14:15,NA,"No",0
"781","S12",20180403,"6:59:58","7:01:03","Long Call","high","0:01:05","06","20180403_06","S12_20180403",2021-02-03 06:59:58,2021-02-03 07:01:03,33,"No",0
"791","S12",20180403,"7:01:36","7:03:03","Long Call","low","0:01:27","07","20180403_07","S12_20180403",2021-02-03 07:01:36,2021-02-03 07:03:03,12707,"No",0
"801","S12",20180403,"10:34:50","10:36:06","Long Call","low","0:01:16","10","20180403_10","S12_20180403",2021-02-03 10:34:50,2021-02-03 10:36:06,NA,"No",0
"812","S12",20180405,"7:11:01","7:12:05","Long Call","med","0:01:04","07","20180405_07","S12_20180405",2021-02-03 07:11:01,2021-02-03 07:12:05,7484,"No",0
"821","S12",20180405,"9:16:49","9:17:57","Long Call","low","0:01:08","09","20180405_09","S12_20180405",2021-02-03 09:16:49,2021-02-03 09:17:57,NA,"No",0
"831","S12",20180406,"8:21:46","8:22:46","Long Call","high","0:01:00","08","20180406_08","S12_20180406",2021-02-03 08:21:46,2021-02-03 08:22:46,38137,"No",0
"841","S12",20180406,"18:58:23","18:59:37","Long Call","med","0:01:14","18","20180406_18","S12_20180406",2021-02-03 18:58:23,2021-02-03 18:59:37,NA,"No",0
"851","S12",20180407,"7:07:32","7:08:34","Long Call","low","0:01:02","07","20180407_07","S12_20180407",2021-02-03 07:07:32,2021-02-03 07:08:34,0,"Yes",1
"861","S12",20180408,"7:21:49","7:23:24","Long Call","high","0:01:35","07","20180408_07","S12_20180408",2021-02-03 07:21:49,2021-02-03 07:23:24,0,"Yes",1
"871","S12",20180409,"6:48:54","6:49:52","Long Call","high","0:00:58","06","20180409_06","S12_20180409",2021-02-03 06:48:54,2021-02-03 06:49:52,9525,"No",0
"881","S12",20180409,"9:28:37","9:30:03","Long Call","high","0:01:26","09","20180409_09","S12_20180409",2021-02-03 09:28:37,2021-02-03 09:30:03,14607,"No",0
"891","S12",20180409,"13:33:30","13:34:25","Long Call","med","0:00:55","13","20180409_13","S12_20180409",2021-02-03 13:33:30,2021-02-03 13:34:25,20030,"No",0
"901","S12",20180409,"19:08:15","19:09:25","Long Call","med","0:01:10","19","20180409_19","S12_20180409",2021-02-03 19:08:15,2021-02-03 19:09:25,NA,"No",0
"912","S12",20180410,"4:08:04","4:09:24","Long Call","med","0:01:20","04","20180410_04","S12_20180410",2021-02-03 04:08:04,2021-02-03 04:09:24,3,"No",0
"921","S12",20180410,"4:09:27","4:10:16","Long Call","low","0:00:49","04","20180410_04","S12_20180410",2021-02-03 04:09:27,2021-02-03 04:10:16,21463,"No",0
"931","S12",20180410,"10:07:59","10:09:24","Long Call","low","0:01:25","10","20180410_10","S12_20180410",2021-02-03 10:07:59,2021-02-03 10:09:24,NA,"No",0
"941","S12",20180411,"7:32:15","7:33:12","Long Call","low","0:00:57","07","20180411_07","S12_20180411",2021-02-03 07:32:15,2021-02-03 07:33:12,159,"No",0
"951","S12",20180411,"7:35:51","7:36:02","Short Call","med","0:00:11","07","20180411_07","S12_20180411",2021-02-03 07:35:51,2021-02-03 07:36:02,31673,"No",0
"961","S12",20180411,"16:23:55","16:25:05","Long Call","med","0:01:10","16","20180411_16","S12_20180411",2021-02-03 16:23:55,2021-02-03 16:25:05,34,"No",0
"971","S12",20180411,"16:25:39","16:26:39","Long Call","high","0:01:00","16","20180411_16","S12_20180411",2021-02-03 16:25:39,2021-02-03 16:26:39,NA,"No",0
"981","S12",20180412,"7:04:13","7:06:04","Long Call","high","0:01:51","07","20180412_07","S12_20180412",2021-02-03 07:04:13,2021-02-03 07:06:04,8228,"No",0
"991","S12",20180412,"9:23:12","9:24:19","Long Call","med","0:01:07","09","20180412_09","S12_20180412",2021-02-03 09:23:12,2021-02-03 09:24:19,NA,"No",0
"1001","S12",20180413,"3:51:44","3:53:05","Long Call","med","0:01:21","03","20180413_03","S12_20180413",2021-02-03 03:51:44,2021-02-03 03:53:05,0,"Yes",1
"1012","S12",20180414,"6:42:32","6:44:00","Long Call","low","0:01:28","06","20180414_06","S12_20180414",2021-02-03 06:42:32,2021-02-03 06:44:00,34,"No",0
"1021","S12",20180414,"6:44:34","6:45:29","Long Call","high","0:00:55","06","20180414_06","S12_20180414",2021-02-03 06:44:34,2021-02-03 06:45:29,3754,"No",0
"1031","S12",20180414,"7:48:03","7:48:47","Long Call","med","0:00:44","07","20180414_07","S12_20180414",2021-02-03 07:48:03,2021-02-03 07:48:47,252,"No",0
"1041","S12",20180414,"7:52:59","7:54:39","Long Call","low","0:01:40","07","20180414_07","S12_20180414",2021-02-03 07:52:59,2021-02-03 07:54:39,NA,"No",0
"1051","S12",20180415,"12:04:19","12:05:17","Long Call","med","0:00:58","12","20180415_12","S12_20180415",2021-02-03 12:04:19,2021-02-03 12:05:17,0,"Yes",1
"1061","S12",20180416,"7:36:09","7:37:49","Long Call","high","0:01:40","07","20180416_07","S12_20180416",2021-02-03 07:36:09,2021-02-03 07:37:49,0,"Yes",1
"1071","S12",20180417,"8:33:54","8:35:29","Long Call","low","0:01:35","08","20180417_08","S12_20180417",2021-02-03 08:33:54,2021-02-03 08:35:29,69,"No",0
"1081","S12",20180417,"8:36:38","8:37:33","Long Call","low","0:00:55","08","20180417_08","S12_20180417",2021-02-03 08:36:38,2021-02-03 08:37:33,6624,"No",0
"1091","S12",20180417,"10:27:57","10:29:30","Long Call","med","0:01:33","10","20180417_10","S12_20180417",2021-02-03 10:27:57,2021-02-03 10:29:30,NA,"No",0
"1102","S12",20180418,"9:14:04","9:15:15","Long Call","low","0:01:11","09","20180418_09","S12_20180418",2021-02-03 09:14:04,2021-02-03 09:15:15,0,"Yes",1
"1112","S12",20180419,"7:00:47","7:01:51","Long Call","high","0:01:04","07","20180419_07","S12_20180419",2021-02-03 07:00:47,2021-02-03 07:01:51,0,"Yes",1
"1103","S13",20180214,"4:31:03","4:33:09","Long Call","med","0:02:06","04","20180214_04","S13_20180214",2021-02-03 04:31:03,2021-02-03 04:33:09,35,"No",0
"2102","S13",20180214,"4:33:44","4:35:07","Long Call","med","0:01:23","04","20180214_04","S13_20180214",2021-02-03 04:33:44,2021-02-03 04:35:07,NA,"No",0
"3102","S13",20180216,"19:04:04","19:05:30","Long Call","low","0:01:26","19","20180216_19","S13_20180216",2021-02-03 19:04:04,2021-02-03 19:05:30,0,"Yes",1
"4102","S13",20180217,"19:01:39","19:02:47","Long Call","low","0:01:08","19","20180217_19","S13_20180217",2021-02-03 19:01:39,2021-02-03 19:02:47,0,"Yes",1
"598","S13",20180220,"19:04:12","19:05:31","Long Call","low","0:01:19","19","20180220_19","S13_20180220",2021-02-03 19:04:12,2021-02-03 19:05:31,0,"Yes",1
"686","S13",20180221,"19:08:17","19:09:41","Long Call","low","0:01:24","19","20180221_19","S13_20180221",2021-02-03 19:08:17,2021-02-03 19:09:41,0,"Yes",1
"713","S13",20180222,"18:53:07","18:56:07","Long Call","low","0:03:00","18","20180222_18","S13_20180222",2021-02-03 18:53:07,2021-02-03 18:56:07,0,"Yes",1
"813","S13",20180225,"18:54:07","18:55:36","Long Call","low","0:01:29","18","20180225_18","S13_20180225",2021-02-03 18:54:07,2021-02-03 18:55:36,0,"Yes",1
"913","S13",20180226,"4:27:32","4:28:48","Long Call","low","0:01:16","04","20180226_04","S13_20180226",2021-02-03 04:27:32,2021-02-03 04:28:48,659,"No",0
"1013","S13",20180226,"4:39:47","4:41:05","Long Call","low","0:01:18","04","20180226_04","S13_20180226",2021-02-03 04:39:47,2021-02-03 04:41:05,51473,"No",0
"1113","S13",20180226,"18:58:58","18:59:58","Long Call","low","0:01:00","18","20180226_18","S13_20180226",2021-02-03 18:58:58,2021-02-03 18:59:58,NA,"No",0
"1212","S13",20180227,"6:34:16","6:35:46","Long Call","med","0:01:30","06","20180227_06","S13_20180227",2021-02-03 06:34:16,2021-02-03 06:35:46,8616,"No",0
"1312","S13",20180227,"8:59:22","9:00:57","Long Call","med","0:01:35","08","20180227_08","S13_20180227",2021-02-03 08:59:22,2021-02-03 09:00:57,96,"No",0
"1412","S13",20180227,"9:02:33","9:03:41","Long Call","low","0:01:08","09","20180227_09","S13_20180227",2021-02-03 09:02:33,2021-02-03 09:03:41,36682,"No",0
"1512","S13",20180227,"19:15:03","19:16:26","Long Call","low","0:01:23","19","20180227_19","S13_20180227",2021-02-03 19:15:03,2021-02-03 19:16:26,NA,"No",0
"1612","S13",20180228,"7:13:26","7:14:43","Long Call","med","0:01:17","07","20180228_07","S13_20180228",2021-02-03 07:13:26,2021-02-03 07:14:43,0,"Yes",1
"1712","S13",20180302,"7:38:56","7:40:11","Long Call","low","0:01:15","07","20180302_07","S13_20180302",2021-02-03 07:38:56,2021-02-03 07:40:11,0,"Yes",1
"1812","S13",20180304,"18:56:13","18:58:18","Long Call","low","0:02:05","18","20180304_18","S13_20180304",2021-02-03 18:56:13,2021-02-03 18:58:18,0,"Yes",1
"1912","S13",20180306,"12:01:25","12:02:37","Long Call","low","0:01:12","12","20180306_12","S13_20180306",2021-02-03 12:01:25,2021-02-03 12:02:37,0,"Yes",1
"2012","S13",20180309,"18:49:00","18:50:19","Long Call","low","0:01:19","18","20180309_18","S13_20180309",2021-02-03 18:49:00,2021-02-03 18:50:19,0,"Yes",1
"2112","S13",20180310,"19:04:19","19:05:47","Long Call","low","0:01:28","19","20180310_19","S13_20180310",2021-02-03 19:04:19,2021-02-03 19:05:47,0,"Yes",1
"2212","S13",20180311,"19:08:49","19:10:01","Long Call","low","0:01:12","19","20180311_19","S13_20180311",2021-02-03 19:08:49,2021-02-03 19:10:01,0,"Yes",1
"2311","S13",20180312,"18:52:18","18:54:05","Long Call","med","0:01:47","18","20180312_18","S13_20180312",2021-02-03 18:52:18,2021-02-03 18:54:05,0,"Yes",1
"2412","S13",20180313,"9:50:51","9:52:12","Long Call","med","0:01:21","09","20180313_09","S13_20180313",2021-02-03 09:50:51,2021-02-03 09:52:12,0,"Yes",1
"2511","S13",20180330,"11:03:02","11:04:22","Long Call","low","0:01:20","11","20180330_11","S13_20180330",2021-02-03 11:03:02,2021-02-03 11:04:22,8002,"No",0
"2611","S13",20180330,"13:17:44","13:19:13","Long Call","low","0:01:29","13","20180330_13","S13_20180330",2021-02-03 13:17:44,2021-02-03 13:19:13,NA,"No",0
"2712","S13",20180331,"4:43:01","4:44:30","Long Call","low","0:01:29","04","20180331_04","S13_20180331",2021-02-03 04:43:01,2021-02-03 04:44:30,34549,"No",0
"2912","S13",20180331,"14:20:19","14:21:32","Long Call","low","0:01:13","14","20180331_14","S13_20180331",2021-02-03 14:20:19,2021-02-03 14:21:32,NA,"No",0
"3012","S13",20180401,"19:16:00","19:17:26","Long Call","med","0:01:26","19","20180401_19","S13_20180401",2021-02-03 19:16:00,2021-02-03 19:17:26,0,"Yes",1
"3112","S13",20180402,"15:00:43","16:32:03","Long Call","low","1:31:20","15","20180402_15","S13_20180402",2021-02-03 15:00:43,2021-02-03 16:32:03,0,"Yes",1
"3312","S13",20180405,"10:26:52","10:28:12","Long Call","med","0:01:20","10","20180405_10","S13_20180405",2021-02-03 10:26:52,2021-02-03 10:28:12,0,"Yes",1
"3412","S13",20180406,"9:02:47","9:04:12","Long Call","med","0:01:25","09","20180406_09","S13_20180406",2021-02-03 09:02:47,2021-02-03 09:04:12,5314,"No",0
"3512","S13",20180406,"10:32:46","10:34:09","Long Call","low","0:01:23","10","20180406_10","S13_20180406",2021-02-03 10:32:46,2021-02-03 10:34:09,30808,"No",0
"3612","S13",20180406,"19:07:37","19:08:44","Long Call","low","0:01:07","19","20180406_19","S13_20180406",2021-02-03 19:07:37,2021-02-03 19:08:44,NA,"No",0
"3812","S13",20180407,"8:26:10","8:27:47","Long Call","med","0:01:37","08","20180407_08","S13_20180407",2021-02-03 08:26:10,2021-02-03 08:27:47,3874,"No",0
"3912","S13",20180407,"9:32:21","9:33:46","Long Call","high","0:01:25","09","20180407_09","S13_20180407",2021-02-03 09:32:21,2021-02-03 09:33:46,29132,"No",0
"4012","S13",20180407,"17:39:18","17:39:28","Long Call","high","0:00:10","17","20180407_17","S13_20180407",2021-02-03 17:39:18,2021-02-03 17:39:28,NA,"No",0
"4112","S13",20180409,"19:08:47","19:08:58","Short Call","med","0:00:11","19","20180409_19","S13_20180409",2021-02-03 19:08:47,2021-02-03 19:08:58,0,"Yes",1
"4212","S13",20180410,"8:41:51","8:43:19","Long Call","med","0:01:28","08","20180410_08","S13_20180410",2021-02-03 08:41:51,2021-02-03 08:43:19,0,"Yes",1
"4312","S13",20180412,"8:58:14","9:01:06","Long Call","low","0:02:52","08","20180412_08","S13_20180412",2021-02-03 08:58:14,2021-02-03 09:01:06,101,"No",0
"4412","S13",20180412,"9:02:47","9:03:47","Short Call","low","0:01:00","09","20180412_09","S13_20180412",2021-02-03 09:02:47,2021-02-03 09:03:47,1200,"No",0
"4512","S13",20180412,"9:23:47","9:24:59","Long Call","low","0:01:12","09","20180412_09","S13_20180412",2021-02-03 09:23:47,2021-02-03 09:24:59,0,"Yes",1
"4612","S13",20180412,"9:24:59","9:26:16","Short Call","low","0:01:17","09","20180412_09","S13_20180412",2021-02-03 09:24:59,2021-02-03 09:26:16,3683,"No",0
"4712","S13",20180412,"10:27:39","10:28:50","Short Call","low","0:01:11","10","20180412_10","S13_20180412",2021-02-03 10:27:39,2021-02-03 10:28:50,NA,"No",0
"4812","S13",20180413,"7:24:08","7:25:35","Short Call","low","0:01:27","07","20180413_07","S13_20180413",2021-02-03 07:24:08,2021-02-03 07:25:35,97,"No",0
"4912","S13",20180413,"7:27:12","7:28:22","Short Call","low","0:01:10","07","20180413_07","S13_20180413",2021-02-03 07:27:12,2021-02-03 07:28:22,NA,"No",0
"5011","S13",20180414,"13:49:32","13:51:37","Long Call","med","0:02:05","13","20180414_13","S13_20180414",2021-02-03 13:49:32,2021-02-03 13:51:37,0,"Yes",1
"5111","S13",20180415,"4:07:17","4:08:35","Long Call","med","0:01:18","04","20180415_04","S13_20180415",2021-02-03 04:07:17,2021-02-03 04:08:35,16110,"No",0
"5211","S13",20180415,"8:37:05","8:38:23","Short Call","low","0:01:18","08","20180415_08","S13_20180415",2021-02-03 08:37:05,2021-02-03 08:38:23,19848,"No",0
"5311","S13",20180415,"14:09:11","14:10:18","Long Call","med","0:01:07","14","20180415_14","S13_20180415",2021-02-03 14:09:11,2021-02-03 14:10:18,116,"No",0
"5411","S13",20180415,"14:12:14","14:12:25","Short Call","med","0:00:11","14","20180415_14","S13_20180415",2021-02-03 14:12:14,2021-02-03 14:12:25,NA,"No",0
"5511","S13",20180416,"18:54:39","18:56:05","Long Call","med","0:01:26","18","20180416_18","S13_20180416",2021-02-03 18:54:39,2021-02-03 18:56:05,0,"Yes",1
"1104","S14",20180214,"4:54:59","4:56:20","Short Call","high","0:01:21","04","20180214_04","S14_20180214",2021-02-03 04:54:59,2021-02-03 04:56:20,85,"No",0
"2103","S14",20180214,"4:57:45","4:58:31","Short Call","high","0:00:46","04","20180214_04","S14_20180214",2021-02-03 04:57:45,2021-02-03 04:58:31,19068,"No",0
"3103","S14",20180214,"10:16:19","10:17:43","Short Call","low","0:01:24","10","20180214_10","S14_20180214",2021-02-03 10:16:19,2021-02-03 10:17:43,17883,"No",0
"4103","S14",20180214,"15:15:46","15:16:33","Long Call","low","0:00:47","15","20180214_15","S14_20180214",2021-02-03 15:15:46,2021-02-03 15:16:33,136,"No",0
"5100","S14",20180214,"15:18:49","15:18:58","Short Call","high","0:00:09","15","20180214_15","S14_20180214",2021-02-03 15:18:49,2021-02-03 15:18:58,14105,"No",0
"687","S14",20180214,"19:14:03","19:15:17","Short Call","med","0:01:14","19","20180214_19","S14_20180214",2021-02-03 19:14:03,2021-02-03 19:15:17,535,"No",0
"714","S14",20180214,"19:24:12","19:25:38","Short Call","low","0:01:26","19","20180214_19","S14_20180214",2021-02-03 19:24:12,2021-02-03 19:25:38,NA,"No",0
"814","S14",20180215,"10:02:24","10:03:54","Short Call","high","0:01:30","10","20180215_10","S14_20180215",2021-02-03 10:02:24,2021-02-03 10:03:54,680,"No",0
"914","S14",20180215,"10:15:14","10:16:43","Short Call","high","0:01:29","10","20180215_10","S14_20180215",2021-02-03 10:15:14,2021-02-03 10:16:43,NA,"No",0
"1014","S14",20180216,"3:15:50","3:18:27","Long Call","low","0:02:37","03","20180216_03","S14_20180216",2021-02-03 03:15:50,2021-02-03 03:18:27,214,"No",0
"1114","S14",20180216,"3:22:01","3:23:21","Short Call","low","0:01:20","03","20180216_03","S14_20180216",2021-02-03 03:22:01,2021-02-03 03:23:21,18514,"No",0
"1213","S14",20180216,"8:31:55","8:33:14","Short Call","low","0:01:19","08","20180216_08","S14_20180216",2021-02-03 08:31:55,2021-02-03 08:33:14,433,"No",0
"1313","S14",20180216,"8:40:27","8:41:53","Short Call","low","0:01:26","08","20180216_08","S14_20180216",2021-02-03 08:40:27,2021-02-03 08:41:53,252,"No",0
"1413","S14",20180216,"8:46:05","8:46:46","Short Call","low","0:00:41","08","20180216_08","S14_20180216",2021-02-03 08:46:05,2021-02-03 08:46:46,NA,"No",0
"1513","S14",20180217,"4:57:55","4:58:53","Long Call","high","0:00:58","04","20180217_04","S14_20180217",2021-02-03 04:57:55,2021-02-03 04:58:53,-7,"No",0
"1613","S14",20180217,"4:58:46","4:59:49","Short Call","high","0:01:03","04","20180217_04","S14_20180217",2021-02-03 04:58:46,2021-02-03 04:59:49,20,"No",0
"1713","S14",20180217,"5:00:09","5:01:50","Long Call","low","0:01:41","05","20180217_05","S14_20180217",2021-02-03 05:00:09,2021-02-03 05:01:50,-29,"No",0
"1813","S14",20180217,"5:01:21","5:04:08","Short Call","high","0:02:47","05","20180217_05","S14_20180217",2021-02-03 05:01:21,2021-02-03 05:04:08,17929,"No",0
"1913","S14",20180217,"10:02:57","10:05:31","Short Call","low","0:02:34","10","20180217_10","S14_20180217",2021-02-03 10:02:57,2021-02-03 10:05:31,17,"No",0
"2013","S14",20180217,"10:05:48","10:07:56","Short Call","med","0:02:08","10","20180217_10","S14_20180217",2021-02-03 10:05:48,2021-02-03 10:07:56,674,"No",0
"2113","S14",20180217,"10:19:10","10:20:01","Short Call","med","0:00:51","10","20180217_10","S14_20180217",2021-02-03 10:19:10,2021-02-03 10:20:01,618,"No",0
"2213","S14",20180217,"10:30:19","10:32:08","Short Call","med","0:01:49","10","20180217_10","S14_20180217",2021-02-03 10:30:19,2021-02-03 10:32:08,622,"No",0
"2312","S14",20180217,"10:42:30","10:42:50","Short Call","med","0:00:20","10","20180217_10","S14_20180217",2021-02-03 10:42:30,2021-02-03 10:42:50,223,"No",0
"2413","S14",20180217,"10:46:33","10:47:46","Short Call","med","0:01:13","10","20180217_10","S14_20180217",2021-02-03 10:46:33,2021-02-03 10:47:46,253,"No",0
"2512","S14",20180217,"10:51:59","10:52:51","Short Call","med","0:00:52","10","20180217_10","S14_20180217",2021-02-03 10:51:59,2021-02-03 10:52:51,724,"No",0
"2612","S14",20180217,"11:04:55","11:07:10","Long Call","low","0:02:15","11","20180217_11","S14_20180217",2021-02-03 11:04:55,2021-02-03 11:07:10,-48,"No",0
"2713","S14",20180217,"11:06:22","11:07:34","Short Call","med","0:01:12","11","20180217_11","S14_20180217",2021-02-03 11:06:22,2021-02-03 11:07:34,265,"No",0
"2811","S14",20180217,"11:11:59","11:13:07","Short Call","med","0:01:08","11","20180217_11","S14_20180217",2021-02-03 11:11:59,2021-02-03 11:13:07,329,"No",0
"2913","S14",20180217,"11:18:36","11:19:14","Short Call","med","0:00:38","11","20180217_11","S14_20180217",2021-02-03 11:18:36,2021-02-03 11:19:14,217,"No",0
"3013","S14",20180217,"11:22:51","11:23:40","Short Call","med","0:00:49","11","20180217_11","S14_20180217",2021-02-03 11:22:51,2021-02-03 11:23:40,480,"No",0
"3113","S14",20180217,"11:31:40","11:32:44","Short Call","med","0:01:04","11","20180217_11","S14_20180217",2021-02-03 11:31:40,2021-02-03 11:32:44,662,"No",0
"3212","S14",20180217,"11:43:46","11:44:57","Short Call","med","0:01:11","11","20180217_11","S14_20180217",2021-02-03 11:43:46,2021-02-03 11:44:57,607,"No",0
"3313","S14",20180217,"11:55:04","11:56:26","Short Call","low","0:01:22","11","20180217_11","S14_20180217",2021-02-03 11:55:04,2021-02-03 11:56:26,NA,"No",0
"3413","S14",20180218,"4:59:37","5:01:09","Long Call","low","0:01:32","04","20180218_04","S14_20180218",2021-02-03 04:59:37,2021-02-03 05:01:09,10,"No",0
"3513","S14",20180218,"5:01:19","5:02:54","Long Call","low","0:01:35","05","20180218_05","S14_20180218",2021-02-03 05:01:19,2021-02-03 05:02:54,20893,"No",0
"3613","S14",20180218,"10:51:07","10:52:32","Short Call","low","0:01:25","10","20180218_10","S14_20180218",2021-02-03 10:51:07,2021-02-03 10:52:32,NA,"No",0
"3712","S14",20180219,"10:35:51","10:36:54","Short Call","low","0:01:03","10","20180219_10","S14_20180219",2021-02-03 10:35:51,2021-02-03 10:36:54,581,"No",0
"3813","S14",20180219,"10:46:35","10:48:06","Short Call","low","0:01:31","10","20180219_10","S14_20180219",2021-02-03 10:46:35,2021-02-03 10:48:06,NA,"No",0
"3913","S14",20180220,"8:11:47","8:12:53","Short Call","low","0:01:06","08","20180220_08","S14_20180220",2021-02-03 08:11:47,2021-02-03 08:12:53,870,"No",0
"4013","S14",20180220,"8:27:23","8:28:26","Short Call","low","0:01:03","08","20180220_08","S14_20180220",2021-02-03 08:27:23,2021-02-03 08:28:26,153,"No",0
"4113","S14",20180220,"8:30:59","8:32:40","Short Call","med","0:01:41","08","20180220_08","S14_20180220",2021-02-03 08:30:59,2021-02-03 08:32:40,1099,"No",0
"4213","S14",20180220,"8:50:59","8:52:32","Short Call","low","0:01:33","08","20180220_08","S14_20180220",2021-02-03 08:50:59,2021-02-03 08:52:32,602,"No",0
"4313","S14",20180220,"9:02:34","9:03:32","Short Call","low","0:00:58","09","20180220_09","S14_20180220",2021-02-03 09:02:34,2021-02-03 09:03:32,1005,"No",0
"4413","S14",20180220,"9:20:17","9:20:54","Short Call","low","0:00:37","09","20180220_09","S14_20180220",2021-02-03 09:20:17,2021-02-03 09:20:54,642,"No",0
"4513","S14",20180220,"9:31:36","9:32:49","Short Call","low","0:01:13","09","20180220_09","S14_20180220",2021-02-03 09:31:36,2021-02-03 09:32:49,554,"No",0
"4613","S14",20180220,"9:42:03","9:43:20","Short Call","low","0:01:17","09","20180220_09","S14_20180220",2021-02-03 09:42:03,2021-02-03 09:43:20,317,"No",0
"4713","S14",20180220,"9:48:37","9:49:16","Short Call","low","0:00:39","09","20180220_09","S14_20180220",2021-02-03 09:48:37,2021-02-03 09:49:16,353,"No",0
"4813","S14",20180220,"9:55:09","9:56:12","Short Call","low","0:01:03","09","20180220_09","S14_20180220",2021-02-03 09:55:09,2021-02-03 09:56:12,298,"No",0
"4913","S14",20180220,"10:01:10","10:02:31","Short Call","low","0:01:21","10","20180220_10","S14_20180220",2021-02-03 10:01:10,2021-02-03 10:02:31,654,"No",0
"5012","S14",20180220,"10:13:25","10:14:31","Short Call","low","0:01:06","10","20180220_10","S14_20180220",2021-02-03 10:13:25,2021-02-03 10:14:31,453,"No",0
"5112","S14",20180220,"10:22:04","10:23:08","Long Call","low","0:01:04","10","20180220_10","S14_20180220",2021-02-03 10:22:04,2021-02-03 10:23:08,4,"No",0
"5212","S14",20180220,"10:23:12","10:23:32","Short Call","low","0:00:20","10","20180220_10","S14_20180220",2021-02-03 10:23:12,2021-02-03 10:23:32,605,"No",0
"5312","S14",20180220,"10:33:37","10:34:34","Short Call","low","0:00:57","10","20180220_10","S14_20180220",2021-02-03 10:33:37,2021-02-03 10:34:34,354,"No",0
"5412","S14",20180220,"10:40:28","10:41:40","Short Call","low","0:01:12","10","20180220_10","S14_20180220",2021-02-03 10:40:28,2021-02-03 10:41:40,474,"No",0
"5512","S14",20180220,"10:49:34","10:50:36","Short Call","low","0:01:02","10","20180220_10","S14_20180220",2021-02-03 10:49:34,2021-02-03 10:50:36,263,"No",0
"5611","S14",20180220,"10:54:59","10:56:30","Short Call","med","0:01:31","10","20180220_10","S14_20180220",2021-02-03 10:54:59,2021-02-03 10:56:30,NA,"No",0
"5711","S14",20180221,"7:23:02","7:24:00","Short Call","low","0:00:58","07","20180221_07","S14_20180221",2021-02-03 07:23:02,2021-02-03 07:24:00,1905,"No",0
"5811","S14",20180221,"7:55:45","8:00:42","Short Call","low","0:04:57","07","20180221_07","S14_20180221",2021-02-03 07:55:45,2021-02-03 08:00:42,15121,"No",0
"5910","S14",20180221,"12:12:43","12:14:01","Short Call","med","0:01:18","12","20180221_12","S14_20180221",2021-02-03 12:12:43,2021-02-03 12:14:01,183,"No",0
"602","S14",20180221,"12:17:04","12:18:04","Short Call","med","0:01:00","12","20180221_12","S14_20180221",2021-02-03 12:17:04,2021-02-03 12:18:04,178,"No",0
"6111","S14",20180221,"12:21:02","12:21:55","Short Call","low","0:00:53","12","20180221_12","S14_20180221",2021-02-03 12:21:02,2021-02-03 12:21:55,196,"No",0
"6211","S14",20180221,"12:25:11","12:26:12","Short Call","med","0:01:01","12","20180221_12","S14_20180221",2021-02-03 12:25:11,2021-02-03 12:26:12,314,"No",0
"6311","S14",20180221,"12:31:26","12:32:02","Short Call","low","0:00:36","12","20180221_12","S14_20180221",2021-02-03 12:31:26,2021-02-03 12:32:02,276,"No",0
"6411","S14",20180221,"12:36:38","12:37:26","Short Call","low","0:00:48","12","20180221_12","S14_20180221",2021-02-03 12:36:38,2021-02-03 12:37:26,2609,"No",0
"6511","S14",20180221,"13:20:55","13:22:05","Long Call","low","0:01:10","13","20180221_13","S14_20180221",2021-02-03 13:20:55,2021-02-03 13:22:05,-9,"No",0
"6611","S14",20180221,"13:21:56","13:22:53","Short Call","med","0:00:57","13","20180221_13","S14_20180221",2021-02-03 13:21:56,2021-02-03 13:22:53,379,"No",0
"6711","S14",20180221,"13:29:12","13:30:44","Short Call","med","0:01:32","13","20180221_13","S14_20180221",2021-02-03 13:29:12,2021-02-03 13:30:44,764,"No",0
"688","S14",20180221,"13:43:28","13:44:22","Long Call","med","0:00:54","13","20180221_13","S14_20180221",2021-02-03 13:43:28,2021-02-03 13:44:22,-13,"No",0
"692","S14",20180221,"13:44:09","13:45:25","Short Call","med","0:01:16","13","20180221_13","S14_20180221",2021-02-03 13:44:09,2021-02-03 13:45:25,21153,"No",0
"702","S14",20180221,"19:37:58","19:39:30","Long Call","low","0:01:32","19","20180221_19","S14_20180221",2021-02-03 19:37:58,2021-02-03 19:39:30,65,"No",0
"715","S14",20180221,"19:40:35","19:42:01","Short Call","low","0:01:26","19","20180221_19","S14_20180221",2021-02-03 19:40:35,2021-02-03 19:42:01,93,"No",0
"722","S14",20180221,"19:43:34","19:44:29","Short Call","low","0:00:55","19","20180221_19","S14_20180221",2021-02-03 19:43:34,2021-02-03 19:44:29,NA,"No",0
"732","S14",20180222,"11:13:31","11:32:57","Short Call","low","0:19:26","11","20180222_11","S14_20180222",2021-02-03 11:13:31,2021-02-03 11:32:57,0,"Yes",1
"742","S14",20180223,"7:39:35","7:41:00","Short Call","med","0:01:25","07","20180223_07","S14_20180223",2021-02-03 07:39:35,2021-02-03 07:41:00,1775,"No",0
"752","S14",20180223,"8:10:35","8:11:46","Short Call","low","0:01:11","08","20180223_08","S14_20180223",2021-02-03 08:10:35,2021-02-03 08:11:46,2471,"No",0
"762","S14",20180223,"8:52:57","8:54:05","Short Call","low","0:01:08","08","20180223_08","S14_20180223",2021-02-03 08:52:57,2021-02-03 08:54:05,10904,"No",0
"772","S14",20180223,"11:55:49","11:57:02","Short Call","med","0:01:13","11","20180223_11","S14_20180223",2021-02-03 11:55:49,2021-02-03 11:57:02,37,"No",0
"782","S14",20180223,"11:57:39","11:59:00","Short Call","med","0:01:21","11","20180223_11","S14_20180223",2021-02-03 11:57:39,2021-02-03 11:59:00,NA,"No",0
"792","S14",20180224,"7:44:08","7:45:50","Short Call","med","0:01:42","07","20180224_07","S14_20180224",2021-02-03 07:44:08,2021-02-03 07:45:50,373,"No",0
"802","S14",20180224,"7:52:03","7:53:20","Short Call","med","0:01:17","07","20180224_07","S14_20180224",2021-02-03 07:52:03,2021-02-03 07:53:20,579,"No",0
"815","S14",20180224,"8:02:59","8:03:45","Short Call","med","0:00:46","08","20180224_08","S14_20180224",2021-02-03 08:02:59,2021-02-03 08:03:45,1281,"No",0
"822","S14",20180224,"8:25:06","8:25:38","Short Call","med","0:00:32","08","20180224_08","S14_20180224",2021-02-03 08:25:06,2021-02-03 08:25:38,1440,"No",0
"832","S14",20180224,"8:49:38","8:50:45","Long Call","low","0:01:07","08","20180224_08","S14_20180224",2021-02-03 08:49:38,2021-02-03 08:50:45,-32,"No",0
"842","S14",20180224,"8:50:13","8:52:13","Long Call","med","0:02:00","08","20180224_08","S14_20180224",2021-02-03 08:50:13,2021-02-03 08:52:13,-53,"No",0
"852","S14",20180224,"8:51:20","8:52:12","Long Call","med","0:00:52","08","20180224_08","S14_20180224",2021-02-03 08:51:20,2021-02-03 08:52:12,-22,"No",0
"862","S14",20180224,"8:51:50","8:53:29","Short Call","med","0:01:39","08","20180224_08","S14_20180224",2021-02-03 08:51:50,2021-02-03 08:53:29,844,"No",0
"872","S14",20180224,"9:07:33","9:07:54","Short Call","low","0:00:21","09","20180224_09","S14_20180224",2021-02-03 09:07:33,2021-02-03 09:07:54,888,"No",0
"882","S14",20180224,"9:22:42","9:23:26","Short Call","low","0:00:44","09","20180224_09","S14_20180224",2021-02-03 09:22:42,2021-02-03 09:23:26,1341,"No",0
"892","S14",20180224,"9:45:47","9:47:01","Short Call","med","0:01:14","09","20180224_09","S14_20180224",2021-02-03 09:45:47,2021-02-03 09:47:01,493,"No",0
"902","S14",20180224,"9:55:14","9:56:06","Short Call","med","0:00:52","09","20180224_09","S14_20180224",2021-02-03 09:55:14,2021-02-03 09:56:06,634,"No",0
"915","S14",20180224,"10:06:40","10:08:00","Short Call","low","0:01:20","10","20180224_10","S14_20180224",2021-02-03 10:06:40,2021-02-03 10:08:00,728,"No",0
"922","S14",20180224,"10:20:08","10:20:58","Short Call","med","0:00:50","10","20180224_10","S14_20180224",2021-02-03 10:20:08,2021-02-03 10:20:58,633,"No",0
"932","S14",20180224,"10:31:31","10:32:40","Long Call","low","0:01:09","10","20180224_10","S14_20180224",2021-02-03 10:31:31,2021-02-03 10:32:40,27,"No",0
"942","S14",20180224,"10:33:07","10:34:00","Short Call","low","0:00:53","10","20180224_10","S14_20180224",2021-02-03 10:33:07,2021-02-03 10:34:00,1154,"No",0
"952","S14",20180224,"10:53:14","10:53:54","Short Call","low","0:00:40","10","20180224_10","S14_20180224",2021-02-03 10:53:14,2021-02-03 10:53:54,437,"No",0
"962","S14",20180224,"11:01:11","11:01:40","Short Call","med","0:00:29","11","20180224_11","S14_20180224",2021-02-03 11:01:11,2021-02-03 11:01:40,1092,"No",0
"972","S14",20180224,"11:19:52","11:20:34","Short Call","low","0:00:42","11","20180224_11","S14_20180224",2021-02-03 11:19:52,2021-02-03 11:20:34,1213,"No",0
"982","S14",20180224,"11:40:47","11:41:14","Short Call","low","0:00:27","11","20180224_11","S14_20180224",2021-02-03 11:40:47,2021-02-03 11:41:14,561,"No",0
"992","S14",20180224,"11:50:35","11:51:42","Short Call","low","0:01:07","11","20180224_11","S14_20180224",2021-02-03 11:50:35,2021-02-03 11:51:42,NA,"No",0
"1002","S14",20180225,"8:26:57","8:28:17","Short Call","low","0:01:20","08","20180225_08","S14_20180225",2021-02-03 08:26:57,2021-02-03 08:28:17,39108,"No",0
"1015","S14",20180225,"19:20:05","19:22:09","Long Call","low","0:02:04","19","20180225_19","S14_20180225",2021-02-03 19:20:05,2021-02-03 19:22:09,NA,"No",0
"1022","S14",20180226,"11:05:03","11:07:02","Short Call","low","0:01:59","11","20180226_11","S14_20180226",2021-02-03 11:05:03,2021-02-03 11:07:02,581,"No",0
"1032","S14",20180226,"11:16:43","11:18:07","Short Call","low","0:01:24","11","20180226_11","S14_20180226",2021-02-03 11:16:43,2021-02-03 11:18:07,278,"No",0
"1042","S14",20180226,"11:22:45","11:23:05","Short Call","low","0:00:20","11","20180226_11","S14_20180226",2021-02-03 11:22:45,2021-02-03 11:23:05,473,"No",0
"1052","S14",20180226,"11:30:58","11:32:05","Short Call","low","0:01:07","11","20180226_11","S14_20180226",2021-02-03 11:30:58,2021-02-03 11:32:05,2610,"No",0
"1062","S14",20180226,"12:15:35","12:16:52","Short Call","low","0:01:17","12","20180226_12","S14_20180226",2021-02-03 12:15:35,2021-02-03 12:16:52,147,"No",0
"1072","S14",20180226,"12:19:19","12:20:20","Long Call","low","0:01:01","12","20180226_12","S14_20180226",2021-02-03 12:19:19,2021-02-03 12:20:20,-23,"No",0
"1082","S14",20180226,"12:19:57","12:21:39","Short Call","low","0:01:42","12","20180226_12","S14_20180226",2021-02-03 12:19:57,2021-02-03 12:21:39,138,"No",0
"1092","S14",20180226,"12:23:57","12:25:43","Short Call","low","0:01:46","12","20180226_12","S14_20180226",2021-02-03 12:23:57,2021-02-03 12:25:43,218,"No",0
"1105","S14",20180226,"12:29:21","12:30:43","Short Call","low","0:01:22","12","20180226_12","S14_20180226",2021-02-03 12:29:21,2021-02-03 12:30:43,3103,"No",0
"1115","S14",20180226,"13:22:26","13:23:57","Long Call","low","0:01:31","13","20180226_13","S14_20180226",2021-02-03 13:22:26,2021-02-03 13:23:57,NA,"No",0
"1121","S14",20180227,"10:11:26","10:12:32","Short Call","med","0:01:06","10","20180227_10","S14_20180227",2021-02-03 10:11:26,2021-02-03 10:12:32,670,"No",0
"1131","S14",20180227,"10:23:42","10:24:38","Short Call","low","0:00:56","10","20180227_10","S14_20180227",2021-02-03 10:23:42,2021-02-03 10:24:38,2120,"No",0
"1141","S14",20180227,"10:59:58","11:01:19","Short Call","low","0:01:21","10","20180227_10","S14_20180227",2021-02-03 10:59:58,2021-02-03 11:01:19,710,"No",0
"1151","S14",20180227,"11:13:09","11:13:47","Short Call","low","0:00:38","11","20180227_11","S14_20180227",2021-02-03 11:13:09,2021-02-03 11:13:47,894,"No",0
"1161","S14",20180227,"11:28:41","11:29:19","Short Call","low","0:00:38","11","20180227_11","S14_20180227",2021-02-03 11:28:41,2021-02-03 11:29:19,216,"No",0
"1171","S14",20180227,"11:32:55","11:33:58","Short Call","low","0:01:03","11","20180227_11","S14_20180227",2021-02-03 11:32:55,2021-02-03 11:33:58,284,"No",0
"1181","S14",20180227,"11:38:42","11:40:37","Short Call","low","0:01:55","11","20180227_11","S14_20180227",2021-02-03 11:38:42,2021-02-03 11:40:37,53,"No",0
"1191","S14",20180227,"11:41:30","11:42:20","Long Call","low","0:00:50","11","20180227_11","S14_20180227",2021-02-03 11:41:30,2021-02-03 11:42:20,-4,"Yes",1
"1201","S14",20180227,"11:42:16","11:43:48","Short Call","low","0:01:32","11","20180227_11","S14_20180227",2021-02-03 11:42:16,2021-02-03 11:43:48,NA,"No",0
"1214","S14",20180228,"6:50:58","6:51:52","Short Call","med","0:00:54","06","20180228_06","S14_20180228",2021-02-03 06:50:58,2021-02-03 06:51:52,2218,"No",0
"1221","S14",20180228,"7:28:50","7:30:29","Short Call","low","0:01:39","07","20180228_07","S14_20180228",2021-02-03 07:28:50,2021-02-03 07:30:29,1112,"No",0
"1231","S14",20180228,"7:49:01","7:49:48","Short Call","low","0:00:47","07","20180228_07","S14_20180228",2021-02-03 07:49:01,2021-02-03 07:49:48,13980,"No",0
"1241","S14",20180228,"11:42:48","11:43:47","Short Call","low","0:00:59","11","20180228_11","S14_20180228",2021-02-03 11:42:48,2021-02-03 11:43:47,560,"No",0
"1251","S14",20180228,"11:53:07","11:54:01","Short Call","low","0:00:54","11","20180228_11","S14_20180228",2021-02-03 11:53:07,2021-02-03 11:54:01,364,"No",0
"1261","S14",20180228,"12:00:05","12:00:55","Short Call","low","0:00:50","12","20180228_12","S14_20180228",2021-02-03 12:00:05,2021-02-03 12:00:55,381,"No",0
"1271","S14",20180228,"12:07:16","12:08:14","Short Call","low","0:00:58","12","20180228_12","S14_20180228",2021-02-03 12:07:16,2021-02-03 12:08:14,NA,"No",0
"1281","S14",20180301,"8:06:45","8:07:34","Long Call","low","0:00:49","08","20180301_08","S14_20180301",2021-02-03 08:06:45,2021-02-03 08:07:34,-28,"No",0
"1291","S14",20180301,"8:07:06","8:08:23","Short Call","low","0:01:17","08","20180301_08","S14_20180301",2021-02-03 08:07:06,2021-02-03 08:08:23,0,"Yes",1
"1301","S14",20180301,"8:08:23","8:09:18","Long Call","low","0:00:55","08","20180301_08","S14_20180301",2021-02-03 08:08:23,2021-02-03 08:09:18,-15,"No",0
"1314","S14",20180301,"8:09:03","8:10:09","Short Call","low","0:01:06","08","20180301_08","S14_20180301",2021-02-03 08:09:03,2021-02-03 08:10:09,597,"No",0
"1321","S14",20180301,"8:20:06","8:20:59","Short Call","low","0:00:53","08","20180301_08","S14_20180301",2021-02-03 08:20:06,2021-02-03 08:20:59,414,"No",0
"1331","S14",20180301,"8:27:53","8:28:55","Short Call","low","0:01:02","08","20180301_08","S14_20180301",2021-02-03 08:27:53,2021-02-03 08:28:55,8682,"No",0
"1341","S14",20180301,"10:53:37","10:54:37","Short Call","low","0:01:00","10","20180301_10","S14_20180301",2021-02-03 10:53:37,2021-02-03 10:54:37,2610,"No",0
"1351","S14",20180301,"11:38:07","11:39:17","Short Call","low","0:01:10","11","20180301_11","S14_20180301",2021-02-03 11:38:07,2021-02-03 11:39:17,NA,"No",0
"1361","S14",20180302,"11:18:29","11:19:22","Long Call","low","0:00:53","11","20180302_11","S14_20180302",2021-02-03 11:18:29,2021-02-03 11:19:22,113,"No",0
"1371","S14",20180302,"11:21:15","11:23:03","Short Call","low","0:01:48","11","20180302_11","S14_20180302",2021-02-03 11:21:15,2021-02-03 11:23:03,309,"No",0
"1381","S14",20180302,"11:28:12","11:29:07","Short Call","low","0:00:55","11","20180302_11","S14_20180302",2021-02-03 11:28:12,2021-02-03 11:29:07,102,"No",0
"1391","S14",20180302,"11:30:49","11:31:46","Long Call","low","0:00:57","11","20180302_11","S14_20180302",2021-02-03 11:30:49,2021-02-03 11:31:46,-32,"No",0
"1401","S14",20180302,"11:31:14","11:32:37","Short Call","med","0:01:23","11","20180302_11","S14_20180302",2021-02-03 11:31:14,2021-02-03 11:32:37,59,"No",0
"1414","S14",20180302,"11:33:36","11:34:41","Short Call","low","0:01:05","11","20180302_11","S14_20180302",2021-02-03 11:33:36,2021-02-03 11:34:41,402,"No",0
"1421","S14",20180302,"11:41:23","11:42:12","Short Call","low","0:00:49","11","20180302_11","S14_20180302",2021-02-03 11:41:23,2021-02-03 11:42:12,1173,"No",0
"1431","S14",20180302,"12:01:45","12:02:35","Short Call","low","0:00:50","12","20180302_12","S14_20180302",2021-02-03 12:01:45,2021-02-03 12:02:35,160,"No",0
"1441","S14",20180302,"12:05:15","12:05:42","Short Call","low","0:00:27","12","20180302_12","S14_20180302",2021-02-03 12:05:15,2021-02-03 12:05:42,1466,"No",0
"1451","S14",20180302,"12:30:08","12:31:03","Short Call","low","0:00:55","12","20180302_12","S14_20180302",2021-02-03 12:30:08,2021-02-03 12:31:03,633,"No",0
"1461","S14",20180302,"12:41:36","12:42:15","Short Call","low","0:00:39","12","20180302_12","S14_20180302",2021-02-03 12:41:36,2021-02-03 12:42:15,370,"No",0
"1471","S14",20180302,"12:48:25","12:49:43","Short Call","low","0:01:18","12","20180302_12","S14_20180302",2021-02-03 12:48:25,2021-02-03 12:49:43,335,"No",0
"1481","S14",20180302,"12:55:18","12:56:09","Short Call","low","0:00:51","12","20180302_12","S14_20180302",2021-02-03 12:55:18,2021-02-03 12:56:09,2137,"No",0
"1491","S14",20180302,"13:31:46","13:32:29","Short Call","low","0:00:43","13","20180302_13","S14_20180302",2021-02-03 13:31:46,2021-02-03 13:32:29,NA,"No",0
"1501","S14",20180303,"8:03:39","8:04:44","Long Call","low","0:01:05","08","20180303_08","S14_20180303",2021-02-03 08:03:39,2021-02-03 08:04:44,-20,"No",0
"1514","S14",20180303,"8:04:24","8:05:56","Short Call","med","0:01:32","08","20180303_08","S14_20180303",2021-02-03 08:04:24,2021-02-03 08:05:56,2452,"No",0
"1521","S14",20180303,"8:46:48","8:48:27","Short Call","low","0:01:39","08","20180303_08","S14_20180303",2021-02-03 08:46:48,2021-02-03 08:48:27,5879,"No",0
"1531","S14",20180303,"10:26:26","10:27:12","Short Call","low","0:00:46","10","20180303_10","S14_20180303",2021-02-03 10:26:26,2021-02-03 10:27:12,NA,"No",0
"1541","S14",20180304,"9:23:26","9:26:09","Short Call","low","0:02:43","09","20180304_09","S14_20180304",2021-02-03 09:23:26,2021-02-03 09:26:09,548,"No",0
"1551","S14",20180304,"9:35:17","9:36:12","Long Call","med","0:00:55","09","20180304_09","S14_20180304",2021-02-03 09:35:17,2021-02-03 09:36:12,-18,"No",0
"1561","S14",20180304,"9:35:54","9:37:17","Short Call","med","0:01:23","09","20180304_09","S14_20180304",2021-02-03 09:35:54,2021-02-03 09:37:17,3810,"No",0
"1571","S14",20180304,"10:40:47","10:42:10","Short Call","med","0:01:23","10","20180304_10","S14_20180304",2021-02-03 10:40:47,2021-02-03 10:42:10,503,"No",0
"1581","S14",20180304,"10:50:33","10:51:15","Short Call","med","0:00:42","10","20180304_10","S14_20180304",2021-02-03 10:50:33,2021-02-03 10:51:15,354,"No",0
"1591","S14",20180304,"10:57:09","10:57:41","Short Call","low","0:00:32","10","20180304_10","S14_20180304",2021-02-03 10:57:09,2021-02-03 10:57:41,715,"No",0
"1601","S14",20180304,"11:09:36","11:10:53","Short Call","low","0:01:17","11","20180304_11","S14_20180304",2021-02-03 11:09:36,2021-02-03 11:10:53,947,"No",0
"1614","S14",20180304,"11:26:40","11:28:03","Short Call","low","0:01:23","11","20180304_11","S14_20180304",2021-02-03 11:26:40,2021-02-03 11:28:03,1167,"No",0
"1621","S14",20180304,"11:47:30","11:47:56","Short Call","low","0:00:26","11","20180304_11","S14_20180304",2021-02-03 11:47:30,2021-02-03 11:47:56,NA,"No",0
"1631","S14",20180305,"7:16:26","7:17:42","Short Call","low","0:01:16","07","20180305_07","S14_20180305",2021-02-03 07:16:26,2021-02-03 07:17:42,1077,"No",0
"1641","S14",20180305,"7:35:39","7:36:48","Short Call","low","0:01:09","07","20180305_07","S14_20180305",2021-02-03 07:35:39,2021-02-03 07:36:48,676,"No",0
"1651","S14",20180305,"7:48:04","7:49:31","Short Call","low","0:01:27","07","20180305_07","S14_20180305",2021-02-03 07:48:04,2021-02-03 07:49:31,647,"No",0
"1661","S14",20180305,"8:00:18","8:01:15","Short Call","low","0:00:57","08","20180305_08","S14_20180305",2021-02-03 08:00:18,2021-02-03 08:01:15,5701,"No",0
"1671","S14",20180305,"9:36:16","9:37:13","Long Call","low","0:00:57","09","20180305_09","S14_20180305",2021-02-03 09:36:16,2021-02-03 09:37:13,-19,"No",0
"1681","S14",20180305,"9:36:54","9:38:30","Short Call","low","0:01:36","09","20180305_09","S14_20180305",2021-02-03 09:36:54,2021-02-03 09:38:30,5156,"No",0
"1691","S14",20180305,"11:04:26","11:05:01","Short Call","low","0:00:35","11","20180305_11","S14_20180305",2021-02-03 11:04:26,2021-02-03 11:05:01,508,"No",0
"1701","S14",20180305,"11:13:29","11:14:04","Short Call","low","0:00:35","11","20180305_11","S14_20180305",2021-02-03 11:13:29,2021-02-03 11:14:04,1037,"No",0
"1714","S14",20180305,"11:31:21","11:31:47","Short Call","low","0:00:26","11","20180305_11","S14_20180305",2021-02-03 11:31:21,2021-02-03 11:31:47,513,"No",0
"1721","S14",20180305,"11:40:20","11:40:50","Short Call","low","0:00:30","11","20180305_11","S14_20180305",2021-02-03 11:40:20,2021-02-03 11:40:50,661,"No",0
"1731","S14",20180305,"11:51:51","11:52:41","Short Call","low","0:00:50","11","20180305_11","S14_20180305",2021-02-03 11:51:51,2021-02-03 11:52:41,NA,"No",0
"1741","S14",20180306,"9:52:49","9:53:55","Short Call","low","0:01:06","09","20180306_09","S14_20180306",2021-02-03 09:52:49,2021-02-03 09:53:55,1929,"No",0
"1751","S14",20180306,"10:26:04","10:27:21","Long Call","low","0:01:17","10","20180306_10","S14_20180306",2021-02-03 10:26:04,2021-02-03 10:27:21,-4,"Yes",1
"1761","S14",20180306,"10:27:17","10:28:00","Short Call","med","0:00:43","10","20180306_10","S14_20180306",2021-02-03 10:27:17,2021-02-03 10:28:00,1491,"No",0
"1771","S14",20180306,"10:52:51","10:54:14","Short Call","med","0:01:23","10","20180306_10","S14_20180306",2021-02-03 10:52:51,2021-02-03 10:54:14,11,"No",0
"1781","S14",20180306,"10:54:25","10:55:12","Long Call","low","0:00:47","10","20180306_10","S14_20180306",2021-02-03 10:54:25,2021-02-03 10:55:12,-19,"No",0
"1791","S14",20180306,"10:54:53","10:56:07","Short Call","med","0:01:14","10","20180306_10","S14_20180306",2021-02-03 10:54:53,2021-02-03 10:56:07,360,"No",0
"1801","S14",20180306,"11:02:07","11:03:17","Short Call","med","0:01:10","11","20180306_11","S14_20180306",2021-02-03 11:02:07,2021-02-03 11:03:17,4010,"No",0
"1814","S14",20180306,"12:10:07","12:11:03","Long Call","low","0:00:56","12","20180306_12","S14_20180306",2021-02-03 12:10:07,2021-02-03 12:11:03,1050,"No",0
"1821","S14",20180306,"12:28:33","12:29:22","Short Call","low","0:00:49","12","20180306_12","S14_20180306",2021-02-03 12:28:33,2021-02-03 12:29:22,366,"No",0
"1831","S14",20180306,"12:35:28","12:36:38","Short Call","low","0:01:10","12","20180306_12","S14_20180306",2021-02-03 12:35:28,2021-02-03 12:36:38,868,"No",0
"1841","S14",20180306,"12:51:06","12:51:07","Short Call","low","0:00:01","12","20180306_12","S14_20180306",2021-02-03 12:51:06,2021-02-03 12:51:07,1488,"No",0
"1851","S14",20180306,"13:15:55","13:16:45","Long Call","med","0:00:50","13","20180306_13","S14_20180306",2021-02-03 13:15:55,2021-02-03 13:16:45,-13,"No",0
"1861","S14",20180306,"13:16:32","13:17:45","Short Call","med","0:01:13","13","20180306_13","S14_20180306",2021-02-03 13:16:32,2021-02-03 13:17:45,20211,"No",0
"1871","S14",20180306,"18:54:36","18:54:46","Short Call","high","0:00:10","18","20180306_18","S14_20180306",2021-02-03 18:54:36,2021-02-03 18:54:46,607,"No",0
"1881","S14",20180306,"19:04:53","19:06:11","Short Call","low","0:01:18","19","20180306_19","S14_20180306",2021-02-03 19:04:53,2021-02-03 19:06:11,NA,"No",0
"1891","S14",20180307,"4:09:30","4:10:44","Short Call","med","0:01:14","04","20180307_04","S14_20180307",2021-02-03 04:09:30,2021-02-03 04:10:44,562,"No",0
"1901","S14",20180307,"4:20:06","4:21:17","Long Call","low","0:01:11","04","20180307_04","S14_20180307",2021-02-03 04:20:06,2021-02-03 04:21:17,16907,"No",0
"1914","S14",20180307,"9:03:04","9:04:54","Short Call","med","0:01:50","09","20180307_09","S14_20180307",2021-02-03 09:03:04,2021-02-03 09:04:54,409,"No",0
"1921","S14",20180307,"9:11:43","9:12:07","Short Call","med","0:00:24","09","20180307_09","S14_20180307",2021-02-03 09:11:43,2021-02-03 09:12:07,125,"No",0
"1931","S14",20180307,"9:14:12","9:14:57","Short Call","med","0:00:45","09","20180307_09","S14_20180307",2021-02-03 09:14:12,2021-02-03 09:14:57,3,"No",0
"1941","S14",20180307,"9:15:00","9:15:56","Long Call","low","0:00:56","09","20180307_09","S14_20180307",2021-02-03 09:15:00,2021-02-03 09:15:56,-36,"No",0
"1951","S14",20180307,"9:15:20","9:16:47","Short Call","med","0:01:27","09","20180307_09","S14_20180307",2021-02-03 09:15:20,2021-02-03 09:16:47,1981,"No",0
"1961","S14",20180307,"9:49:48","9:50:22","Short Call","low","0:00:34","09","20180307_09","S14_20180307",2021-02-03 09:49:48,2021-02-03 09:50:22,1617,"No",0
"1971","S14",20180307,"10:17:19","10:18:06","Short Call","low","0:00:47","10","20180307_10","S14_20180307",2021-02-03 10:17:19,2021-02-03 10:18:06,NA,"No",0
"1981","S14",20180308,"8:37:07","8:37:58","Short Call","low","0:00:51","08","20180308_08","S14_20180308",2021-02-03 08:37:07,2021-02-03 08:37:58,433,"No",0
"1991","S14",20180308,"8:45:11","8:46:23","Short Call","low","0:01:12","08","20180308_08","S14_20180308",2021-02-03 08:45:11,2021-02-03 08:46:23,1769,"No",0
"2001","S14",20180308,"9:15:52","9:17:37","Short Call","low","0:01:45","09","20180308_09","S14_20180308",2021-02-03 09:15:52,2021-02-03 09:17:37,61,"No",0
"2014","S14",20180308,"9:18:38","9:19:56","Short Call","med","0:01:18","09","20180308_09","S14_20180308",2021-02-03 09:18:38,2021-02-03 09:19:56,934,"No",0
"2021","S14",20180308,"9:35:30","9:36:29","Long Call","low","0:00:59","09","20180308_09","S14_20180308",2021-02-03 09:35:30,2021-02-03 09:36:29,-42,"No",0
"2031","S14",20180308,"9:35:47","9:37:36","Short Call","med","0:01:49","09","20180308_09","S14_20180308",2021-02-03 09:35:47,2021-02-03 09:37:36,NA,"No",0
"2041","S14",20180309,"8:52:52","8:54:18","Short Call","med","0:01:26","08","20180309_08","S14_20180309",2021-02-03 08:52:52,2021-02-03 08:54:18,385,"No",0
"2051","S14",20180309,"9:00:43","9:01:59","Short Call","med","0:01:16","09","20180309_09","S14_20180309",2021-02-03 09:00:43,2021-02-03 09:01:59,414,"No",0
"2061","S14",20180309,"9:08:53","9:09:19","Long Call","low","0:00:26","09","20180309_09","S14_20180309",2021-02-03 09:08:53,2021-02-03 09:09:19,-5,"No",0
"2071","S14",20180309,"9:09:14","9:11:13","Short Call","med","0:01:59","09","20180309_09","S14_20180309",2021-02-03 09:09:14,2021-02-03 09:11:13,568,"No",0
"2081","S14",20180309,"9:20:41","9:21:37","Long Call","low","0:00:56","09","20180309_09","S14_20180309",2021-02-03 09:20:41,2021-02-03 09:21:37,-23,"No",0
"2091","S14",20180309,"9:21:14","9:22:49","Short Call","med","0:01:35","09","20180309_09","S14_20180309",2021-02-03 09:21:14,2021-02-03 09:22:49,-16,"No",0
"2104","S14",20180309,"9:22:33","9:24:11","Long Call","med","0:01:38","09","20180309_09","S14_20180309",2021-02-03 09:22:33,2021-02-03 09:24:11,288,"No",0
"2114","S14",20180309,"9:28:59","9:29:56","Short Call","med","0:00:57","09","20180309_09","S14_20180309",2021-02-03 09:28:59,2021-02-03 09:29:56,1051,"No",0
"2121","S14",20180309,"9:47:27","9:48:56","Short Call","med","0:01:29","09","20180309_09","S14_20180309",2021-02-03 09:47:27,2021-02-03 09:48:56,32078,"No",0
"2131","S14",20180309,"18:43:34","18:44:33","Long Call","med","0:00:59","18","20180309_18","S14_20180309",2021-02-03 18:43:34,2021-02-03 18:44:33,NA,"No",0
"2141","S14",20180310,"6:56:41","6:59:09","Short Call","low","0:02:28","06","20180310_06","S14_20180310",2021-02-03 06:56:41,2021-02-03 06:59:09,13730,"No",0
"2151","S14",20180310,"10:47:59","10:49:05","Short Call","med","0:01:06","10","20180310_10","S14_20180310",2021-02-03 10:47:59,2021-02-03 10:49:05,3989,"No",0
"2161","S14",20180310,"11:55:34","11:56:29","Short Call","med","0:00:55","11","20180310_11","S14_20180310",2021-02-03 11:55:34,2021-02-03 11:56:29,24787,"No",0
"2171","S14",20180310,"18:49:36","18:50:35","Long Call","low","0:00:59","18","20180310_18","S14_20180310",2021-02-03 18:49:36,2021-02-03 18:50:35,2,"No",0
"2181","S14",20180310,"18:50:37","18:52:01","Short Call","low","0:01:24","18","20180310_18","S14_20180310",2021-02-03 18:50:37,2021-02-03 18:52:01,449,"No",0
"2191","S14",20180310,"18:59:30","19:00:38","Short Call","med","0:01:08","18","20180310_18","S14_20180310",2021-02-03 18:59:30,2021-02-03 19:00:38,8815,"No",0
"2201","S14",20180310,"21:27:33","21:27:44","Short Call","high","0:00:11","21","20180310_21","S14_20180310",2021-02-03 21:27:33,2021-02-03 21:27:44,NA,"No",0
"2214","S14",20180311,"8:36:41","8:37:16","Long Call","low","0:00:35","08","20180311_08","S14_20180311",2021-02-03 08:36:41,2021-02-03 08:37:16,-13,"No",0
"2221","S14",20180311,"8:37:03","8:38:47","Short Call","med","0:01:44","08","20180311_08","S14_20180311",2021-02-03 08:37:03,2021-02-03 08:38:47,411,"No",0
"2231","S14",20180311,"8:45:38","8:47:14","Short Call","med","0:01:36","08","20180311_08","S14_20180311",2021-02-03 08:45:38,2021-02-03 08:47:14,221,"No",0
"2241","S14",20180311,"8:50:55","8:52:22","Short Call","med","0:01:27","08","20180311_08","S14_20180311",2021-02-03 08:50:55,2021-02-03 08:52:22,1012,"No",0
"2251","S14",20180311,"9:09:14","9:09:49","Short Call","med","0:00:35","09","20180311_09","S14_20180311",2021-02-03 09:09:14,2021-02-03 09:09:49,4592,"No",0
"2261","S14",20180311,"10:26:21","10:27:32","Long Call","med","0:01:11","10","20180311_10","S14_20180311",2021-02-03 10:26:21,2021-02-03 10:27:32,174,"No",0
"2271","S14",20180311,"10:30:26","10:31:11","Long Call","low","0:00:45","10","20180311_10","S14_20180311",2021-02-03 10:30:26,2021-02-03 10:31:11,NA,"No",0
"2281","S14",20180312,"8:51:47","8:52:49","Long Call","low","0:01:02","08","20180312_08","S14_20180312",2021-02-03 08:51:47,2021-02-03 08:52:49,6132,"No",0
"2291","S14",20180312,"10:35:01","10:36:07","Long Call","med","0:01:06","10","20180312_10","S14_20180312",2021-02-03 10:35:01,2021-02-03 10:36:07,-16,"No",0
"2301","S14",20180312,"10:35:51","10:37:21","Short Call","med","0:01:30","10","20180312_10","S14_20180312",2021-02-03 10:35:51,2021-02-03 10:37:21,20,"No",0
"2313","S14",20180312,"10:37:41","10:38:40","Long Call","low","0:00:59","10","20180312_10","S14_20180312",2021-02-03 10:37:41,2021-02-03 10:38:40,11,"No",0
"2321","S14",20180312,"10:38:51","10:39:07","Short Call","low","0:00:16","10","20180312_10","S14_20180312",2021-02-03 10:38:51,2021-02-03 10:39:07,3303,"No",0
"2331","S14",20180312,"11:34:10","11:36:51","Long Call","med","0:02:41","11","20180312_11","S14_20180312",2021-02-03 11:34:10,2021-02-03 11:36:51,-7,"No",0
"2341","S14",20180312,"11:36:44","11:38:03","Short Call","med","0:01:19","11","20180312_11","S14_20180312",2021-02-03 11:36:44,2021-02-03 11:38:03,5098,"No",0
"2351","S14",20180312,"13:03:01","13:03:48","Short Call","med","0:00:47","13","20180312_13","S14_20180312",2021-02-03 13:03:01,2021-02-03 13:03:48,37,"No",0
"2361","S14",20180312,"13:04:25","13:05:31","Long Call","high","0:01:06","13","20180312_13","S14_20180312",2021-02-03 13:04:25,2021-02-03 13:05:31,20897,"No",0
"2371","S14",20180312,"18:53:48","18:55:53","Short Call","low","0:02:05","18","20180312_18","S14_20180312",2021-02-03 18:53:48,2021-02-03 18:55:53,60,"No",0
"2381","S14",20180312,"18:56:53","18:58:09","Long Call","low","0:01:16","18","20180312_18","S14_20180312",2021-02-03 18:56:53,2021-02-03 18:58:09,11,"No",0
"2391","S14",20180312,"18:58:20","19:00:30","Short Call","low","0:02:10","18","20180312_18","S14_20180312",2021-02-03 18:58:20,2021-02-03 19:00:30,NA,"No",0
"2401","S14",20180313,"7:02:05","7:03:11","Short Call","low","0:01:06","07","20180313_07","S14_20180313",2021-02-03 07:02:05,2021-02-03 07:03:11,9641,"No",0
"2414","S14",20180313,"9:43:52","9:45:07","Long Call","low","0:01:15","09","20180313_09","S14_20180313",2021-02-03 09:43:52,2021-02-03 09:45:07,85,"No",0
"2421","S14",20180313,"9:46:32","9:47:01","Long Call","low","0:00:29","09","20180313_09","S14_20180313",2021-02-03 09:46:32,2021-02-03 09:47:01,-3,"Yes",1
"2431","S14",20180313,"9:46:58","9:47:58","Short Call","low","0:01:00","09","20180313_09","S14_20180313",2021-02-03 09:46:58,2021-02-03 09:47:58,1133,"No",0
"2441","S14",20180313,"10:06:51","10:08:02","Short Call","low","0:01:11","10","20180313_10","S14_20180313",2021-02-03 10:06:51,2021-02-03 10:08:02,5574,"No",0
"2451","S14",20180313,"11:40:56","11:41:53","Long Call","low","0:00:57","11","20180313_11","S14_20180313",2021-02-03 11:40:56,2021-02-03 11:41:53,-25,"No",0
"2461","S14",20180313,"11:41:28","11:43:00","Short Call","med","0:01:32","11","20180313_11","S14_20180313",2021-02-03 11:41:28,2021-02-03 11:43:00,2399,"No",0
"2471","S14",20180313,"12:22:59","12:23:49","Short Call","med","0:00:50","12","20180313_12","S14_20180313",2021-02-03 12:22:59,2021-02-03 12:23:49,NA,"No",0
"2481","S14",20180314,"7:28:59","7:30:42","Short Call","med","0:01:43","07","20180314_07","S14_20180314",2021-02-03 07:28:59,2021-02-03 07:30:42,279,"No",0
"2491","S14",20180314,"7:35:21","7:36:33","Short Call","med","0:01:12","07","20180314_07","S14_20180314",2021-02-03 07:35:21,2021-02-03 07:36:33,15,"No",0
"2501","S14",20180314,"7:36:48","7:37:24","Long Call","low","0:00:36","07","20180314_07","S14_20180314",2021-02-03 07:36:48,2021-02-03 07:37:24,-10,"No",0
"2513","S14",20180314,"7:37:14","7:38:34","Short Call","med","0:01:20","07","20180314_07","S14_20180314",2021-02-03 07:37:14,2021-02-03 07:38:34,147,"No",0
"2521","S14",20180314,"7:41:01","7:42:25","Short Call","low","0:01:24","07","20180314_07","S14_20180314",2021-02-03 07:41:01,2021-02-03 07:42:25,3620,"No",0
"2531","S14",20180314,"8:42:45","8:43:48","Long Call","low","0:01:03","08","20180314_08","S14_20180314",2021-02-03 08:42:45,2021-02-03 08:43:48,-52,"No",0
"2541","S14",20180314,"8:42:56","8:44:51","Short Call","med","0:01:55","08","20180314_08","S14_20180314",2021-02-03 08:42:56,2021-02-03 08:44:51,162,"No",0
"2551","S14",20180314,"8:47:33","8:48:31","Short Call","med","0:00:58","08","20180314_08","S14_20180314",2021-02-03 08:47:33,2021-02-03 08:48:31,2866,"No",0
"2561","S14",20180314,"9:36:17","9:37:30","Short Call","med","0:01:13","09","20180314_09","S14_20180314",2021-02-03 09:36:17,2021-02-03 09:37:30,647,"No",0
"2571","S14",20180314,"9:48:17","9:49:09","Short Call","med","0:00:52","09","20180314_09","S14_20180314",2021-02-03 09:48:17,2021-02-03 09:49:09,20,"No",0
"2581","S14",20180314,"9:49:29","9:50:45","Long Call","low","0:01:16","09","20180314_09","S14_20180314",2021-02-03 09:49:29,2021-02-03 09:50:45,-40,"No",0
"2591","S14",20180314,"9:50:05","9:51:42","Short Call","med","0:01:37","09","20180314_09","S14_20180314",2021-02-03 09:50:05,2021-02-03 09:51:42,502,"No",0
"2601","S14",20180314,"10:00:04","10:01:00","Short Call","med","0:00:56","10","20180314_10","S14_20180314",2021-02-03 10:00:04,2021-02-03 10:01:00,190,"No",0
"2613","S14",20180314,"10:04:10","10:05:38","Short Call","med","0:01:28","10","20180314_10","S14_20180314",2021-02-03 10:04:10,2021-02-03 10:05:38,235,"No",0
"2621","S14",20180314,"10:09:33","10:10:24","Short Call","med","0:00:51","10","20180314_10","S14_20180314",2021-02-03 10:09:33,2021-02-03 10:10:24,359,"No",0
"2631","S14",20180314,"10:16:23","10:17:09","Short Call","med","0:00:46","10","20180314_10","S14_20180314",2021-02-03 10:16:23,2021-02-03 10:17:09,714,"No",0
"2641","S14",20180314,"10:29:03","10:35:04","Short Call","med","0:06:01","10","20180314_10","S14_20180314",2021-02-03 10:29:03,2021-02-03 10:35:04,157,"No",0
"2651","S14",20180314,"10:37:41","10:39:27","Short Call","med","0:01:46","10","20180314_10","S14_20180314",2021-02-03 10:37:41,2021-02-03 10:39:27,2861,"No",0
"2661","S14",20180314,"11:27:08","11:28:30","Short Call","med","0:01:22","11","20180314_11","S14_20180314",2021-02-03 11:27:08,2021-02-03 11:28:30,72,"No",0
"2671","S14",20180314,"11:29:42","11:30:30","Short Call","med","0:00:48","11","20180314_11","S14_20180314",2021-02-03 11:29:42,2021-02-03 11:30:30,-25,"No",0
"2681","S14",20180314,"11:30:05","11:30:58","Short Call","med","0:00:53","11","20180314_11","S14_20180314",2021-02-03 11:30:05,2021-02-03 11:30:58,1267,"No",0
"2691","S14",20180314,"11:52:05","11:52:46","Short Call","med","0:00:41","11","20180314_11","S14_20180314",2021-02-03 11:52:05,2021-02-03 11:52:46,9300,"No",0
"2701","S14",20180314,"14:27:46","14:27:54","Short Call","high","0:00:08","14","20180314_14","S14_20180314",2021-02-03 14:27:46,2021-02-03 14:27:54,2689,"No",0
"2714","S14",20180314,"15:12:43","15:14:35","Short Call","med","0:01:52","15","20180314_15","S14_20180314",2021-02-03 15:12:43,2021-02-03 15:14:35,321,"No",0
"2721","S14",20180314,"15:19:56","15:20:44","Short Call","low","0:00:48","15","20180314_15","S14_20180314",2021-02-03 15:19:56,2021-02-03 15:20:44,125,"No",0
"2731","S14",20180314,"15:22:49","15:24:35","Short Call","med","0:01:46","15","20180314_15","S14_20180314",2021-02-03 15:22:49,2021-02-03 15:24:35,323,"No",0
"2741","S14",20180314,"15:29:58","15:31:28","Short Call","med","0:01:30","15","20180314_15","S14_20180314",2021-02-03 15:29:58,2021-02-03 15:31:28,181,"No",0
"2751","S14",20180314,"15:34:29","15:35:17","Short Call","med","0:00:48","15","20180314_15","S14_20180314",2021-02-03 15:34:29,2021-02-03 15:35:17,NA,"No",0
"2761","S14",20180315,"6:57:07","6:58:37","Short Call","med","0:01:30","06","20180315_06","S14_20180315",2021-02-03 06:57:07,2021-02-03 06:58:37,1121,"No",0
"2771","S14",20180315,"7:17:18","7:18:30","Short Call","low","0:01:12","07","20180315_07","S14_20180315",2021-02-03 07:17:18,2021-02-03 07:18:30,1170,"No",0
"2781","S14",20180315,"7:38:00","7:38:59","Short Call","low","0:00:59","07","20180315_07","S14_20180315",2021-02-03 07:38:00,2021-02-03 07:38:59,1584,"No",0
"2791","S14",20180315,"8:05:23","8:06:37","Short Call","med","0:01:14","08","20180315_08","S14_20180315",2021-02-03 08:05:23,2021-02-03 08:06:37,284,"No",0
"2801","S14",20180315,"8:11:21","8:11:57","Short Call","low","0:00:36","08","20180315_08","S14_20180315",2021-02-03 08:11:21,2021-02-03 08:11:57,480,"No",0
"2812","S14",20180315,"8:19:57","8:20:47","Short Call","low","0:00:50","08","20180315_08","S14_20180315",2021-02-03 08:19:57,2021-02-03 08:20:47,1269,"No",0
"2821","S14",20180315,"8:41:56","8:43:20","Short Call","low","0:01:24","08","20180315_08","S14_20180315",2021-02-03 08:41:56,2021-02-03 08:43:20,374,"No",0
"2831","S14",20180315,"8:49:34","8:50:16","Short Call","med","0:00:42","08","20180315_08","S14_20180315",2021-02-03 08:49:34,2021-02-03 08:50:16,893,"No",0
"2841","S14",20180315,"9:05:09","9:06:02","Short Call","low","0:00:53","09","20180315_09","S14_20180315",2021-02-03 09:05:09,2021-02-03 09:06:02,414,"No",0
"2851","S14",20180315,"9:12:56","9:13:55","Long Call","low","0:00:59","09","20180315_09","S14_20180315",2021-02-03 09:12:56,2021-02-03 09:13:55,-32,"No",0
"2861","S14",20180315,"9:13:23","9:14:46","Short Call","med","0:01:23","09","20180315_09","S14_20180315",2021-02-03 09:13:23,2021-02-03 09:14:46,1138,"No",0
"2871","S14",20180315,"9:33:44","9:34:25","Long Call","low","0:00:41","09","20180315_09","S14_20180315",2021-02-03 09:33:44,2021-02-03 09:34:25,-15,"No",0
"2881","S14",20180315,"9:34:10","9:35:35","Short Call","med","0:01:25","09","20180315_09","S14_20180315",2021-02-03 09:34:10,2021-02-03 09:35:35,227,"No",0
"2891","S14",20180315,"9:39:22","9:40:10","Short Call","med","0:00:48","09","20180315_09","S14_20180315",2021-02-03 09:39:22,2021-02-03 09:40:10,578,"No",0
"2901","S14",20180315,"9:49:48","9:50:27","Short Call","med","0:00:39","09","20180315_09","S14_20180315",2021-02-03 09:49:48,2021-02-03 09:50:27,716,"No",0
"2914","S14",20180315,"10:02:23","10:03:16","Long Call","low","0:00:53","10","20180315_10","S14_20180315",2021-02-03 10:02:23,2021-02-03 10:03:16,-32,"No",0
"2921","S14",20180315,"10:02:44","10:04:17","Short Call","med","0:01:33","10","20180315_10","S14_20180315",2021-02-03 10:02:44,2021-02-03 10:04:17,1467,"No",0
"2931","S14",20180315,"10:28:44","10:29:12","Short Call","med","0:00:28","10","20180315_10","S14_20180315",2021-02-03 10:28:44,2021-02-03 10:29:12,1243,"No",0
"2941","S14",20180315,"10:49:55","10:50:44","Long Call","low","0:00:49","10","20180315_10","S14_20180315",2021-02-03 10:49:55,2021-02-03 10:50:44,-13,"No",0
"2951","S14",20180315,"10:50:31","10:51:22","Short Call","low","0:00:51","10","20180315_10","S14_20180315",2021-02-03 10:50:31,2021-02-03 10:51:22,546,"No",0
"2961","S14",20180315,"11:00:28","11:01:41","Short Call","med","0:01:13","11","20180315_11","S14_20180315",2021-02-03 11:00:28,2021-02-03 11:01:41,28,"No",0
"2971","S14",20180315,"11:02:09","11:03:35","Long Call","low","0:01:26","11","20180315_11","S14_20180315",2021-02-03 11:02:09,2021-02-03 11:03:35,182,"No",0
"2981","S14",20180315,"11:06:37","11:07:31","Long Call","low","0:00:54","11","20180315_11","S14_20180315",2021-02-03 11:06:37,2021-02-03 11:07:31,-18,"No",0
"2991","S14",20180315,"11:07:13","11:08:31","Short Call","med","0:01:18","11","20180315_11","S14_20180315",2021-02-03 11:07:13,2021-02-03 11:08:31,814,"No",0
"3001","S14",20180315,"11:22:05","11:23:08","Short Call","low","0:01:03","11","20180315_11","S14_20180315",2021-02-03 11:22:05,2021-02-03 11:23:08,1026,"No",0
"3014","S14",20180315,"11:40:14","11:41:17","Short Call","low","0:01:03","11","20180315_11","S14_20180315",2021-02-03 11:40:14,2021-02-03 11:41:17,8436,"No",0
"3021","S14",20180315,"14:01:53","14:02:59","Short Call","med","0:01:06","14","20180315_14","S14_20180315",2021-02-03 14:01:53,2021-02-03 14:02:59,99,"No",0
"3031","S14",20180315,"14:04:38","14:05:28","Short Call","med","0:00:50","14","20180315_14","S14_20180315",2021-02-03 14:04:38,2021-02-03 14:05:28,1624,"No",0
"3041","S14",20180315,"14:32:32","14:33:27","Short Call","low","0:00:55","14","20180315_14","S14_20180315",2021-02-03 14:32:32,2021-02-03 14:33:27,NA,"No",0
"1106","S15",20180217,"19:10:32","19:11:16","Long Call","low","0:00:44","19","20180217_19","S15_20180217",2021-02-03 19:10:32,2021-02-03 19:11:16,0,"Yes",1
"2105","S15",20180221,"9:40:43","9:42:31","Long Call","high","0:01:48","09","20180221_09","S15_20180221",2021-02-03 09:40:43,2021-02-03 09:42:31,2203,"No",0
"3104","S15",20180221,"10:19:14","10:21:50","Long Call","high","0:02:36","10","20180221_10","S15_20180221",2021-02-03 10:19:14,2021-02-03 10:21:50,NA,"No",0
"4104","S15",20180318,"11:15:31","11:16:37","Long Call","med","0:01:06","11","20180318_11","S15_20180318",2021-02-03 11:15:31,2021-02-03 11:16:37,46,"No",0
"5101","S15",20180318,"11:17:23","11:18:12","Long Call","med","0:00:49","11","20180318_11","S15_20180318",2021-02-03 11:17:23,2021-02-03 11:18:12,925,"No",0
"689","S15",20180318,"11:33:37","11:34:46","Long Call","med","0:01:09","11","20180318_11","S15_20180318",2021-02-03 11:33:37,2021-02-03 11:34:46,3981,"No",0
"716","S15",20180318,"12:41:07","12:42:10","Long Call","med","0:01:03","12","20180318_12","S15_20180318",2021-02-03 12:41:07,2021-02-03 12:42:10,NA,"No",0
"816","S15",20180320,"19:19:27","19:20:44","Long Call","low","0:01:17","19","20180320_19","S15_20180320",2021-02-03 19:19:27,2021-02-03 19:20:44,0,"Yes",1
"916","S15",20180405,"8:28:16","8:29:12","Long Call","low","0:00:56","08","20180405_08","S15_20180405",2021-02-03 08:28:16,2021-02-03 08:29:12,0,"Yes",1
"1016","S15",20180414,"8:24:47","8:25:56","Long Call","med","0:01:09","08","20180414_08","S15_20180414",2021-02-03 08:24:47,2021-02-03 08:25:56,0,"Yes",1
"1116","S15",20180416,"7:45:06","7:46:16","Long Call","med","0:01:10","07","20180416_07","S15_20180416",2021-02-03 07:45:06,2021-02-03 07:46:16,4104,"No",0
"1215","S15",20180416,"8:54:40","8:57:07","Long Call","high","0:02:27","08","20180416_08","S15_20180416",2021-02-03 08:54:40,2021-02-03 08:57:07,6955,"No",0
"1315","S15",20180416,"10:53:02","10:54:06","Long Call","med","0:01:04","10","20180416_10","S15_20180416",2021-02-03 10:53:02,2021-02-03 10:54:06,NA,"No",0
"1107","S16",20180214,"19:12:25","19:12:37","Long Call","high","0:00:12","19","20180214_19","S16_20180214",2021-02-03 19:12:25,2021-02-03 19:12:37,80,"No",0
"2106","S16",20180214,"19:13:57","19:14:57","Short Call","low","0:01:00","19","20180214_19","S16_20180214",2021-02-03 19:13:57,2021-02-03 19:14:57,NA,"No",0
"3105","S16",20180215,"19:05:18","19:06:16","Long Call","low","0:00:58","19","20180215_19","S16_20180215",2021-02-03 19:05:18,2021-02-03 19:06:16,54,"No",0
"4105","S16",20180215,"19:07:10","19:08:11","Long Call","high","0:01:01","19","20180215_19","S16_20180215",2021-02-03 19:07:10,2021-02-03 19:08:11,NA,"No",0
"5102","S16",20180216,"3:57:26","3:58:29","Long Call","high","0:01:03","03","20180216_03","S16_20180216",2021-02-03 03:57:26,2021-02-03 03:58:29,54402,"No",0
"690","S16",20180216,"19:05:11","19:06:13","Long Call","high","0:01:02","19","20180216_19","S16_20180216",2021-02-03 19:05:11,2021-02-03 19:06:13,NA,"No",0
"717","S16",20180217,"15:26:36","15:27:41","Short Call","low","0:01:05","15","20180217_15","S16_20180217",2021-02-03 15:26:36,2021-02-03 15:27:41,38,"No",0
"817","S16",20180217,"15:28:19","15:29:11","Long Call","med","0:00:52","15","20180217_15","S16_20180217",2021-02-03 15:28:19,2021-02-03 15:29:11,-8,"No",0
"917","S16",20180217,"15:29:03","15:29:40","Short Call","med","0:00:37","15","20180217_15","S16_20180217",2021-02-03 15:29:03,2021-02-03 15:29:40,12980,"No",0
"1017","S16",20180217,"19:06:00","19:06:57","Long Call","low","0:00:57","19","20180217_19","S16_20180217",2021-02-03 19:06:00,2021-02-03 19:06:57,-2,"Yes",1
"1117","S16",20180217,"19:06:55","19:07:56","Long Call","high","0:01:01","19","20180217_19","S16_20180217",2021-02-03 19:06:55,2021-02-03 19:07:56,NA,"No",0
"1216","S16",20180219,"16:28:48","16:29:51","Short Call","high","0:01:03","16","20180219_16","S16_20180219",2021-02-03 16:28:48,2021-02-03 16:29:51,220,"No",0
"1316","S16",20180219,"16:33:31","16:34:09","Short Call","high","0:00:38","16","20180219_16","S16_20180219",2021-02-03 16:33:31,2021-02-03 16:34:09,9722,"No",0
"1415","S16",20180219,"19:16:11","19:17:05","Short Call","high","0:00:54","19","20180219_19","S16_20180219",2021-02-03 19:16:11,2021-02-03 19:17:05,67,"No",0
"1515","S16",20180219,"19:18:12","19:18:28","Short Call","high","0:00:16","19","20180219_19","S16_20180219",2021-02-03 19:18:12,2021-02-03 19:18:28,NA,"No",0
"1615","S16",20180220,"19:06:18","19:07:22","Long Call","low","0:01:04","19","20180220_19","S16_20180220",2021-02-03 19:06:18,2021-02-03 19:07:22,315,"No",0
"1715","S16",20180220,"19:12:37","19:13:06","Short Call","low","0:00:29","19","20180220_19","S16_20180220",2021-02-03 19:12:37,2021-02-03 19:13:06,NA,"No",0
"1815","S16",20180221,"17:12:36","17:14:21","Long Call","high","0:01:45","17","20180221_17","S16_20180221",2021-02-03 17:12:36,2021-02-03 17:14:21,9160,"No",0
"1915","S16",20180221,"19:47:01","19:48:21","Long Call","high","0:01:20","19","20180221_19","S16_20180221",2021-02-03 19:47:01,2021-02-03 19:48:21,0,"Yes",1
"2015","S16",20180221,"19:48:21","19:49:05","Short Call","low","0:00:44","19","20180221_19","S16_20180221",2021-02-03 19:48:21,2021-02-03 19:49:05,NA,"No",0
"2115","S16",20180222,"18:57:08","18:58:31","Long Call","high","0:01:23","18","20180222_18","S16_20180222",2021-02-03 18:57:08,2021-02-03 18:58:31,0,"Yes",1
"2215","S16",20180225,"19:07:05","19:08:10","Short Call","low","0:01:05","19","20180225_19","S16_20180225",2021-02-03 19:07:05,2021-02-03 19:08:10,41,"No",0
"2314","S16",20180225,"19:08:51","19:09:58","Long Call","low","0:01:07","19","20180225_19","S16_20180225",2021-02-03 19:08:51,2021-02-03 19:09:58,NA,"No",0
"2415","S16",20180226,"9:48:26","9:49:24","Long Call","med","0:00:58","09","20180226_09","S16_20180226",2021-02-03 09:48:26,2021-02-03 09:49:24,6590,"No",0
"2514","S16",20180226,"11:39:14","11:40:05","Long Call","med","0:00:51","11","20180226_11","S16_20180226",2021-02-03 11:39:14,2021-02-03 11:40:05,NA,"No",0
"2614","S16",20180228,"11:57:40","11:58:49","Long Call","low","0:01:09","11","20180228_11","S16_20180228",2021-02-03 11:57:40,2021-02-03 11:58:49,0,"Yes",1
"2715","S16",20180301,"17:08:17","17:09:06","Long Call","high","0:00:49","17","20180301_17","S16_20180301",2021-02-03 17:08:17,2021-02-03 17:09:06,0,"Yes",1
"2813","S16",20180302,"2:16:55","2:17:59","Long Call","high","0:01:04","02","20180302_02","S16_20180302",2021-02-03 02:16:55,2021-02-03 02:17:59,7,"No",0
"2915","S16",20180302,"2:18:06","2:19:16","Long Call","high","0:01:10","02","20180302_02","S16_20180302",2021-02-03 02:18:06,2021-02-03 02:19:16,NA,"No",0
"3015","S16",20180304,"12:15:07","12:16:17","Short Call","high","0:01:10","12","20180304_12","S16_20180304",2021-02-03 12:15:07,2021-02-03 12:16:17,2183,"No",0
"3114","S16",20180304,"12:52:40","12:53:25","Short Call","high","0:00:45","12","20180304_12","S16_20180304",2021-02-03 12:52:40,2021-02-03 12:53:25,NA,"No",0
"3213","S16",20180307,"10:42:27","10:42:37","Short Call","high","0:00:10","10","20180307_10","S16_20180307",2021-02-03 10:42:27,2021-02-03 10:42:37,821,"No",0
"3314","S16",20180307,"10:56:18","10:57:29","Short Call","high","0:01:11","10","20180307_10","S16_20180307",2021-02-03 10:56:18,2021-02-03 10:57:29,81,"No",0
"3414","S16",20180307,"10:58:50","10:59:23","Short Call","high","0:00:33","10","20180307_10","S16_20180307",2021-02-03 10:58:50,2021-02-03 10:59:23,204,"No",0
"3514","S16",20180307,"11:02:47","11:03:37","Short Call","high","0:00:50","11","20180307_11","S16_20180307",2021-02-03 11:02:47,2021-02-03 11:03:37,829,"No",0
"3614","S16",20180307,"11:17:26","11:18:43","Short Call","high","0:01:17","11","20180307_11","S16_20180307",2021-02-03 11:17:26,2021-02-03 11:18:43,26665,"No",0
"3713","S16",20180307,"18:43:08","18:44:26","Long Call","low","0:01:18","18","20180307_18","S16_20180307",2021-02-03 18:43:08,2021-02-03 18:44:26,NA,"No",0
"3814","S16",20180308,"19:13:32","19:14:35","Long Call","high","0:01:03","19","20180308_19","S16_20180308",2021-02-03 19:13:32,2021-02-03 19:14:35,7351,"No",0
"3914","S16",20180308,"21:17:06","21:17:15","Short Call","high","0:00:09","21","20180308_21","S16_20180308",2021-02-03 21:17:06,2021-02-03 21:17:15,NA,"No",0
"4014","S16",20180310,"19:05:59","19:06:35","Short Call","low","0:00:36","19","20180310_19","S16_20180310",2021-02-03 19:05:59,2021-02-03 19:06:35,-1,"Yes",1
"4114","S16",20180310,"19:06:34","19:07:35","Long Call","low","0:01:01","19","20180310_19","S16_20180310",2021-02-03 19:06:34,2021-02-03 19:07:35,NA,"No",0
"4214","S16",20180311,"19:01:50","19:04:38","Short Call","high","0:02:48","19","20180311_19","S16_20180311",2021-02-03 19:01:50,2021-02-03 19:04:38,-155,"No",0
"4314","S16",20180311,"19:02:03","19:03:39","Long Call","low","0:01:36","19","20180311_19","S16_20180311",2021-02-03 19:02:03,2021-02-03 19:03:39,NA,"No",0
"4414","S16",20180312,"18:52:09","18:53:20","Long Call","high","0:01:11","18","20180312_18","S16_20180312",2021-02-03 18:52:09,2021-02-03 18:53:20,-2,"Yes",1
"4514","S16",20180312,"18:53:18","18:55:04","Long Call","low","0:01:46","18","20180312_18","S16_20180312",2021-02-03 18:53:18,2021-02-03 18:55:04,NA,"No",0
"4614","S16",20180313,"19:24:23","19:25:38","Short Call","high","0:01:15","19","20180313_19","S16_20180313",2021-02-03 19:24:23,2021-02-03 19:25:38,0,"Yes",1
"4714","S16",20180314,"3:51:35","3:52:59","Long Call","low","0:01:24","03","20180314_03","S16_20180314",2021-02-03 03:51:35,2021-02-03 03:52:59,0,"Yes",1
"4814","S16",20180315,"3:53:00","3:54:03","Short Call","low","0:01:03","03","20180315_03","S16_20180315",2021-02-03 03:53:00,2021-02-03 03:54:03,62,"No",0
"4914","S16",20180315,"3:55:05","3:55:52","Long Call","low","0:00:47","03","20180315_03","S16_20180315",2021-02-03 03:55:05,2021-02-03 03:55:52,-29,"No",0
"5013","S16",20180315,"3:55:23","3:56:32","Short Call","low","0:01:09","03","20180315_03","S16_20180315",2021-02-03 03:55:23,2021-02-03 03:56:32,14307,"No",0
"5113","S16",20180315,"7:54:59","7:56:09","Short Call","low","0:01:10","07","20180315_07","S16_20180315",2021-02-03 07:54:59,2021-02-03 07:56:09,NA,"No",0
"5213","S16",20180319,"10:42:23","10:43:35","Long Call","low","0:01:12","10","20180319_10","S16_20180319",2021-02-03 10:42:23,2021-02-03 10:43:35,30605,"No",0
"5313","S16",20180319,"19:13:40","19:14:42","Long Call","high","0:01:02","19","20180319_19","S16_20180319",2021-02-03 19:13:40,2021-02-03 19:14:42,6,"No",0
"5413","S16",20180319,"19:14:48","19:15:50","Long Call","low","0:01:02","19","20180319_19","S16_20180319",2021-02-03 19:14:48,2021-02-03 19:15:50,NA,"No",0
"5513","S16",20180320,"16:41:25","16:42:17","Short Call","high","0:00:52","16","20180320_16","S16_20180320",2021-02-03 16:41:25,2021-02-03 16:42:17,9015,"No",0
"5612","S16",20180320,"19:12:32","19:13:32","Long Call","low","0:01:00","19","20180320_19","S16_20180320",2021-02-03 19:12:32,2021-02-03 19:13:32,11,"No",0
"5712","S16",20180320,"19:13:43","19:14:47","Long Call","low","0:01:04","19","20180320_19","S16_20180320",2021-02-03 19:13:43,2021-02-03 19:14:47,31,"No",0
"5812","S16",20180320,"19:15:18","19:16:22","Long Call","high","0:01:04","19","20180320_19","S16_20180320",2021-02-03 19:15:18,2021-02-03 19:16:22,NA,"No",0
"5911","S16",20180321,"2:19:02","2:20:43","Short Call","high","0:01:41","02","20180321_02","S16_20180321",2021-02-03 02:19:02,2021-02-03 02:20:43,53422,"No",0
"603","S16",20180321,"17:11:05","17:12:25","Short Call","low","0:01:20","17","20180321_17","S16_20180321",2021-02-03 17:11:05,2021-02-03 17:12:25,8757,"No",0
"6212","S16",20180321,"19:38:22","19:39:11","Short Call","low","0:00:49","19","20180321_19","S16_20180321",2021-02-03 19:38:22,2021-02-03 19:39:11,NA,"No",0
"6312","S16",20180322,"4:39:30","4:40:40","Short Call","low","0:01:10","04","20180322_04","S16_20180322",2021-02-03 04:39:30,2021-02-03 04:40:40,52926,"No",0
"6412","S16",20180322,"19:22:46","19:23:47","Short Call","low","0:01:01","19","20180322_19","S16_20180322",2021-02-03 19:22:46,2021-02-03 19:23:47,NA,"No",0
"6512","S16",20180328,"6:28:33","6:29:49","Long Call","high","0:01:16","06","20180328_06","S16_20180328",2021-02-03 06:28:33,2021-02-03 06:29:49,5378,"No",0
"6612","S16",20180328,"7:59:27","8:00:28","Long Call","high","0:01:01","07","20180328_07","S16_20180328",2021-02-03 07:59:27,2021-02-03 08:00:28,2536,"No",0
"6712","S16",20180328,"8:42:44","8:43:18","Long Call","med","0:00:34","08","20180328_08","S16_20180328",2021-02-03 08:42:44,2021-02-03 08:43:18,4,"No",0
"6810","S16",20180328,"8:43:22","8:44:10","Short Call","low","0:00:48","08","20180328_08","S16_20180328",2021-02-03 08:43:22,2021-02-03 08:44:10,1156,"No",0
"693","S16",20180328,"9:03:26","9:03:35","Short Call","med","0:00:09","09","20180328_09","S16_20180328",2021-02-03 09:03:26,2021-02-03 09:03:35,42,"No",0
"703","S16",20180328,"9:04:17","9:05:26","Short Call","low","0:01:09","09","20180328_09","S16_20180328",2021-02-03 09:04:17,2021-02-03 09:05:26,92,"No",0
"718","S16",20180328,"9:06:58","9:07:39","Long Call","med","0:00:41","09","20180328_09","S16_20180328",2021-02-03 09:06:58,2021-02-03 09:07:39,-3,"Yes",1
"723","S16",20180328,"9:07:36","9:08:25","Short Call","low","0:00:49","09","20180328_09","S16_20180328",2021-02-03 09:07:36,2021-02-03 09:08:25,279,"No",0
"733","S16",20180328,"9:13:04","9:13:16","Short Call","low","0:00:12","09","20180328_09","S16_20180328",2021-02-03 09:13:04,2021-02-03 09:13:16,4027,"No",0
"743","S16",20180328,"10:20:23","10:21:28","Long Call","med","0:01:05","10","20180328_10","S16_20180328",2021-02-03 10:20:23,2021-02-03 10:21:28,-18,"No",0
"753","S16",20180328,"10:21:10","10:22:12","Short Call","low","0:01:02","10","20180328_10","S16_20180328",2021-02-03 10:21:10,2021-02-03 10:22:12,40,"No",0
"763","S16",20180328,"10:22:52","10:24:27","Long Call","low","0:01:35","10","20180328_10","S16_20180328",2021-02-03 10:22:52,2021-02-03 10:24:27,5497,"No",0
"773","S16",20180328,"11:56:04","11:57:01","Long Call","med","0:00:57","11","20180328_11","S16_20180328",2021-02-03 11:56:04,2021-02-03 11:57:01,-10,"No",0
"783","S16",20180328,"11:56:51","11:57:37","Short Call","low","0:00:46","11","20180328_11","S16_20180328",2021-02-03 11:56:51,2021-02-03 11:57:37,NA,"No",0
"793","S16",20180329,"3:02:08","3:03:30","Long Call","high","0:01:22","03","20180329_03","S16_20180329",2021-02-03 03:02:08,2021-02-03 03:03:30,12570,"No",0
"803","S16",20180329,"6:33:00","6:34:22","Long Call","med","0:01:22","06","20180329_06","S16_20180329",2021-02-03 06:33:00,2021-02-03 06:34:22,NA,"No",0
"818","S16",20180330,"8:08:52","8:09:45","Long Call","med","0:00:53","08","20180330_08","S16_20180330",2021-02-03 08:08:52,2021-02-03 08:09:45,7103,"No",0
"823","S16",20180330,"10:08:08","10:08:15","Short Call","high","0:00:07","10","20180330_10","S16_20180330",2021-02-03 10:08:08,2021-02-03 10:08:15,1664,"No",0
"833","S16",20180330,"10:35:59","10:36:49","Short Call","high","0:00:50","10","20180330_10","S16_20180330",2021-02-03 10:35:59,2021-02-03 10:36:49,28,"No",0
"843","S16",20180330,"10:37:17","10:38:26","Long Call","low","0:01:09","10","20180330_10","S16_20180330",2021-02-03 10:37:17,2021-02-03 10:38:26,0,"Yes",1
"853","S16",20180330,"10:38:26","10:39:13","Short Call","high","0:00:47","10","20180330_10","S16_20180330",2021-02-03 10:38:26,2021-02-03 10:39:13,556,"No",0
"863","S16",20180330,"10:48:29","10:49:48","Long Call","high","0:01:19","10","20180330_10","S16_20180330",2021-02-03 10:48:29,2021-02-03 10:49:48,-37,"No",0
"873","S16",20180330,"10:49:11","10:50:15","Short Call","high","0:01:04","10","20180330_10","S16_20180330",2021-02-03 10:49:11,2021-02-03 10:50:15,2476,"No",0
"883","S16",20180330,"11:31:31","11:33:17","Short Call","high","0:01:46","11","20180330_11","S16_20180330",2021-02-03 11:31:31,2021-02-03 11:33:17,396,"No",0
"893","S16",20180330,"11:39:53","11:41:06","Long Call","low","0:01:13","11","20180330_11","S16_20180330",2021-02-03 11:39:53,2021-02-03 11:41:06,-33,"No",0
"903","S16",20180330,"11:40:33","11:41:31","Short Call","high","0:00:58","11","20180330_11","S16_20180330",2021-02-03 11:40:33,2021-02-03 11:41:31,202,"No",0
"918","S16",20180330,"11:44:53","11:45:26","Short Call","high","0:00:33","11","20180330_11","S16_20180330",2021-02-03 11:44:53,2021-02-03 11:45:26,270,"No",0
"923","S16",20180330,"11:49:56","11:50:23","Short Call","high","0:00:27","11","20180330_11","S16_20180330",2021-02-03 11:49:56,2021-02-03 11:50:23,218,"No",0
"933","S16",20180330,"11:54:01","11:54:03","Short Call","high","0:00:02","11","20180330_11","S16_20180330",2021-02-03 11:54:01,2021-02-03 11:54:03,1833,"No",0
"943","S16",20180330,"12:24:36","12:26:37","Short Call","high","0:02:01","12","20180330_12","S16_20180330",2021-02-03 12:24:36,2021-02-03 12:26:37,NA,"No",0
"953","S16",20180331,"10:47:56","10:48:59","Short Call","low","0:01:03","10","20180331_10","S16_20180331",2021-02-03 10:47:56,2021-02-03 10:48:59,0,"Yes",1
"973","S16",20180401,"19:17:46","19:19:10","Long Call","low","0:01:24","19","20180401_19","S16_20180401",2021-02-03 19:17:46,2021-02-03 19:19:10,0,"Yes",1
"983","S16",20180401,"19:19:10","19:20:08","Long Call","high","0:00:58","19","20180401_19","S16_20180401",2021-02-03 19:19:10,2021-02-03 19:20:08,NA,"No",0
"993","S16",20180402,"10:04:10","10:04:56","Short Call","low","0:00:46","10","20180402_10","S16_20180402",2021-02-03 10:04:10,2021-02-03 10:04:56,0,"Yes",1
"1003","S16",20180403,"18:52:08","18:53:10","Long Call","high","0:01:02","18","20180403_18","S16_20180403",2021-02-03 18:52:08,2021-02-03 18:53:10,0,"Yes",1
"1018","S16",20180405,"19:02:00","19:03:00","Long Call","high","0:01:00","19","20180405_19","S16_20180405",2021-02-03 19:02:00,2021-02-03 19:03:00,0,"Yes",1
"1023","S16",20180406,"14:32:20","14:32:29","Short Call","high","0:00:09","14","20180406_14","S16_20180406",2021-02-03 14:32:20,2021-02-03 14:32:29,1090,"No",0
"1033","S16",20180406,"14:50:39","14:51:40","Short Call","high","0:01:01","14","20180406_14","S16_20180406",2021-02-03 14:50:39,2021-02-03 14:51:40,15015,"No",0
"1043","S16",20180406,"19:01:55","19:03:12","Long Call","low","0:01:17","19","20180406_19","S16_20180406",2021-02-03 19:01:55,2021-02-03 19:03:12,-4,"Yes",1
"1053","S16",20180406,"19:03:08","19:04:29","Long Call","high","0:01:21","19","20180406_19","S16_20180406",2021-02-03 19:03:08,2021-02-03 19:04:29,-9,"No",0
"1063","S16",20180406,"19:04:20","19:05:28","Long Call","low","0:01:08","19","20180406_19","S16_20180406",2021-02-03 19:04:20,2021-02-03 19:05:28,85,"No",0
"1073","S16",20180406,"19:06:53","19:07:55","Long Call","low","0:01:02","19","20180406_19","S16_20180406",2021-02-03 19:06:53,2021-02-03 19:07:55,NA,"No",0
"1108","S17",20180213,"4:37:07","4:38:01","Long Call","med","0:00:54","04","20180213_04","S17_20180213",2021-02-03 04:37:07,2021-02-03 04:38:01,29894,"No",0
"2107","S17",20180213,"12:56:15","12:57:20","Long Call","low","0:01:05","12","20180213_12","S17_20180213",2021-02-03 12:56:15,2021-02-03 12:57:20,62,"No",0
"3106","S17",20180213,"12:58:22","12:59:50","Long Call","high","0:01:28","12","20180213_12","S17_20180213",2021-02-03 12:58:22,2021-02-03 12:59:50,3465,"No",0
"4106","S17",20180213,"13:57:35","13:58:56","Long Call","high","0:01:21","13","20180213_13","S17_20180213",2021-02-03 13:57:35,2021-02-03 13:58:56,18251,"No",0
"5103","S17",20180213,"19:03:07","19:04:35","Long Call","low","0:01:28","19","20180213_19","S17_20180213",2021-02-03 19:03:07,2021-02-03 19:04:35,14,"No",0
"694","S17",20180213,"19:04:49","19:06:12","Long Call","med","0:01:23","19","20180213_19","S17_20180213",2021-02-03 19:04:49,2021-02-03 19:06:12,66,"No",0
"719","S17",20180213,"19:07:18","19:08:21","Long Call","low","0:01:03","19","20180213_19","S17_20180213",2021-02-03 19:07:18,2021-02-03 19:08:21,NA,"No",0
"819","S17",20180214,"4:36:47","4:38:11","Long Call","low","0:01:24","04","20180214_04","S17_20180214",2021-02-03 04:36:47,2021-02-03 04:38:11,-13,"No",0
"919","S17",20180214,"4:37:58","4:39:32","Long Call","high","0:01:34","04","20180214_04","S17_20180214",2021-02-03 04:37:58,2021-02-03 04:39:32,1313,"No",0
"1019","S17",20180214,"5:01:25","5:02:42","Long Call","low","0:01:17","05","20180214_05","S17_20180214",2021-02-03 05:01:25,2021-02-03 05:02:42,12893,"No",0
"1118","S17",20180214,"8:37:35","8:38:34","Long Call","high","0:00:59","08","20180214_08","S17_20180214",2021-02-03 08:37:35,2021-02-03 08:38:34,3284,"No",0
"1217","S17",20180214,"9:33:18","9:34:37","Long Call","med","0:01:19","09","20180214_09","S17_20180214",2021-02-03 09:33:18,2021-02-03 09:34:37,20320,"No",0
"1317","S17",20180214,"15:13:17","15:19:10","Long Call","high","0:05:53","15","20180214_15","S17_20180214",2021-02-03 15:13:17,2021-02-03 15:19:10,NA,"No",0
"1416","S17",20180215,"7:36:04","7:37:07","Long Call","low","0:01:03","07","20180215_07","S17_20180215",2021-02-03 07:36:04,2021-02-03 07:37:07,3692,"No",0
"1516","S17",20180215,"8:38:39","8:39:43","Long Call","med","0:01:04","08","20180215_08","S17_20180215",2021-02-03 08:38:39,2021-02-03 08:39:43,2420,"No",0
"1616","S17",20180215,"9:20:03","9:21:26","Long Call","high","0:01:23","09","20180215_09","S17_20180215",2021-02-03 09:20:03,2021-02-03 09:21:26,4790,"No",0
"1716","S17",20180215,"10:41:16","10:42:30","Long Call","high","0:01:14","10","20180215_10","S17_20180215",2021-02-03 10:41:16,2021-02-03 10:42:30,23399,"No",0
"1816","S17",20180215,"17:12:29","17:13:57","Long Call","high","0:01:28","17","20180215_17","S17_20180215",2021-02-03 17:12:29,2021-02-03 17:13:57,7441,"No",0
"1916","S17",20180215,"19:17:58","19:18:59","Long Call","med","0:01:01","19","20180215_19","S17_20180215",2021-02-03 19:17:58,2021-02-03 19:18:59,NA,"No",0
"2016","S17",20180216,"1:52:18","1:53:28","Long Call","low","0:01:10","01","20180216_01","S17_20180216",2021-02-03 01:52:18,2021-02-03 01:53:28,24,"No",0
"2116","S17",20180216,"1:53:52","1:55:02","Long Call","high","0:01:10","01","20180216_01","S17_20180216",2021-02-03 01:53:52,2021-02-03 01:55:02,NA,"No",0
"2216","S17",20180217,"8:12:14","8:13:27","Long Call","high","0:01:13","08","20180217_08","S17_20180217",2021-02-03 08:12:14,2021-02-03 08:13:27,14117,"No",0
"2315","S17",20180217,"12:08:44","12:09:57","Short Call","med","0:01:13","12","20180217_12","S17_20180217",2021-02-03 12:08:44,2021-02-03 12:09:57,6259,"No",0
"2416","S17",20180217,"13:54:16","13:55:12","Long Call","low","0:00:56","13","20180217_13","S17_20180217",2021-02-03 13:54:16,2021-02-03 13:55:12,-5,"No",0
"2515","S17",20180217,"13:55:07","13:56:04","Short Call","high","0:00:57","13","20180217_13","S17_20180217",2021-02-03 13:55:07,2021-02-03 13:56:04,1343,"No",0
"2615","S17",20180217,"14:18:27","14:18:29","Short Call","high","0:00:02","14","20180217_14","S17_20180217",2021-02-03 14:18:27,2021-02-03 14:18:29,17838,"No",0
"2716","S17",20180217,"19:15:47","19:17:19","Long Call","high","0:01:32","19","20180217_19","S17_20180217",2021-02-03 19:15:47,2021-02-03 19:17:19,NA,"No",0
"2814","S17",20180218,"8:04:35","8:04:46","Short Call","high","0:00:11","08","20180218_08","S17_20180218",2021-02-03 08:04:35,2021-02-03 08:04:46,2797,"No",0
"2916","S17",20180218,"8:51:23","8:51:58","Short Call","high","0:00:35","08","20180218_08","S17_20180218",2021-02-03 08:51:23,2021-02-03 08:51:58,-5,"No",0
"3016","S17",20180218,"8:51:53","8:53:14","Long Call","high","0:01:21","08","20180218_08","S17_20180218",2021-02-03 08:51:53,2021-02-03 08:53:14,-11,"No",0
"3115","S17",20180218,"8:53:03","8:54:20","Short Call","med","0:01:17","08","20180218_08","S17_20180218",2021-02-03 08:53:03,2021-02-03 08:54:20,-3,"Yes",1
"3214","S17",20180218,"8:54:17","8:55:02","Short Call","low","0:00:45","08","20180218_08","S17_20180218",2021-02-03 08:54:17,2021-02-03 08:55:02,10375,"No",0
"3315","S17",20180218,"11:47:57","11:48:47","Long Call","med","0:00:50","11","20180218_11","S17_20180218",2021-02-03 11:47:57,2021-02-03 11:48:47,55,"No",0
"3415","S17",20180218,"11:49:42","11:50:00","Long Call","med","0:00:18","11","20180218_11","S17_20180218",2021-02-03 11:49:42,2021-02-03 11:50:00,26127,"No",0
"3515","S17",20180218,"19:05:27","19:06:25","Long Call","med","0:00:58","19","20180218_19","S17_20180218",2021-02-03 19:05:27,2021-02-03 19:06:25,NA,"No",0
"3615","S17",20180219,"4:00:42","4:01:41","Long Call","low","0:00:59","04","20180219_04","S17_20180219",2021-02-03 04:00:42,2021-02-03 04:01:41,13,"No",0
"3714","S17",20180219,"4:01:54","4:03:04","Long Call","med","0:01:10","04","20180219_04","S17_20180219",2021-02-03 04:01:54,2021-02-03 04:03:04,32,"No",0
"3815","S17",20180219,"4:03:36","4:05:47","Long Call","low","0:02:11","04","20180219_04","S17_20180219",2021-02-03 04:03:36,2021-02-03 04:05:47,11514,"No",0
"3915","S17",20180219,"7:17:41","7:18:48","Long Call","low","0:01:07","07","20180219_07","S17_20180219",2021-02-03 07:17:41,2021-02-03 07:18:48,26,"No",0
"4015","S17",20180219,"7:19:14","7:20:37","Long Call","high","0:01:23","07","20180219_07","S17_20180219",2021-02-03 07:19:14,2021-02-03 07:20:37,4415,"No",0
"4115","S17",20180219,"8:34:12","8:35:02","Short Call","high","0:00:50","08","20180219_08","S17_20180219",2021-02-03 08:34:12,2021-02-03 08:35:02,1201,"No",0
"4215","S17",20180219,"8:55:03","8:55:26","Short Call","high","0:00:23","08","20180219_08","S17_20180219",2021-02-03 08:55:03,2021-02-03 08:55:26,2192,"No",0
"4315","S17",20180219,"9:31:58","9:32:59","Long Call","low","0:01:01","09","20180219_09","S17_20180219",2021-02-03 09:31:58,2021-02-03 09:32:59,17582,"No",0
"4415","S17",20180219,"14:26:01","14:27:10","Long Call","med","0:01:09","14","20180219_14","S17_20180219",2021-02-03 14:26:01,2021-02-03 14:27:10,NA,"No",0
"4515","S17",20180220,"7:34:10","7:35:28","Long Call","med","0:01:18","07","20180220_07","S17_20180220",2021-02-03 07:34:10,2021-02-03 07:35:28,5758,"No",0
"4615","S17",20180220,"9:11:26","9:12:21","Long Call","med","0:00:55","09","20180220_09","S17_20180220",2021-02-03 09:11:26,2021-02-03 09:12:21,7633,"No",0
"4715","S17",20180220,"11:19:34","11:20:44","Long Call","med","0:01:10","11","20180220_11","S17_20180220",2021-02-03 11:19:34,2021-02-03 11:20:44,30,"No",0
"4815","S17",20180220,"11:21:14","11:22:14","Short Call","med","0:01:00","11","20180220_11","S17_20180220",2021-02-03 11:21:14,2021-02-03 11:22:14,1420,"No",0
"4915","S17",20180220,"11:45:54","11:47:08","Short Call","med","0:01:14","11","20180220_11","S17_20180220",2021-02-03 11:45:54,2021-02-03 11:47:08,3249,"No",0
"5014","S17",20180220,"12:41:17","12:42:16","Short Call","med","0:00:59","12","20180220_12","S17_20180220",2021-02-03 12:41:17,2021-02-03 12:42:16,4076,"No",0
"5114","S17",20180220,"13:50:12","13:51:32","Long Call","high","0:01:20","13","20180220_13","S17_20180220",2021-02-03 13:50:12,2021-02-03 13:51:32,5685,"No",0
"5214","S17",20180220,"15:26:17","15:27:44","Long Call","high","0:01:27","15","20180220_15","S17_20180220",2021-02-03 15:26:17,2021-02-03 15:27:44,2789,"No",0
"5314","S17",20180220,"16:14:13","16:14:24","Short Call","high","0:00:11","16","20180220_16","S17_20180220",2021-02-03 16:14:13,2021-02-03 16:14:24,10419,"No",0
"5414","S17",20180220,"19:08:03","19:09:16","Long Call","med","0:01:13","19","20180220_19","S17_20180220",2021-02-03 19:08:03,2021-02-03 19:09:16,NA,"No",0
"5514","S17",20180221,"8:24:03","8:25:18","Long Call","high","0:01:15","08","20180221_08","S17_20180221",2021-02-03 08:24:03,2021-02-03 08:25:18,1513,"No",0
"5613","S17",20180221,"8:50:31","8:50:40","Short Call","med","0:00:09","08","20180221_08","S17_20180221",2021-02-03 08:50:31,2021-02-03 08:50:40,98,"No",0
"5713","S17",20180221,"8:52:18","8:53:20","Long Call","low","0:01:02","08","20180221_08","S17_20180221",2021-02-03 08:52:18,2021-02-03 08:53:20,614,"No",0
"5813","S17",20180221,"9:03:34","9:04:40","Short Call","med","0:01:06","09","20180221_09","S17_20180221",2021-02-03 09:03:34,2021-02-03 09:04:40,306,"No",0
"5912","S17",20180221,"9:09:46","9:09:47","Short Call","med","0:00:01","09","20180221_09","S17_20180221",2021-02-03 09:09:46,2021-02-03 09:09:47,331,"No",0
"604","S17",20180221,"9:15:18","9:16:18","Short Call","med","0:01:00","09","20180221_09","S17_20180221",2021-02-03 09:15:18,2021-02-03 09:16:18,458,"No",0
"6113","S17",20180221,"9:23:56","9:24:39","Short Call","med","0:00:43","09","20180221_09","S17_20180221",2021-02-03 09:23:56,2021-02-03 09:24:39,599,"No",0
"6213","S17",20180221,"9:34:38","9:35:30","Short Call","med","0:00:52","09","20180221_09","S17_20180221",2021-02-03 09:34:38,2021-02-03 09:35:30,222,"No",0
"6313","S17",20180221,"9:39:12","9:40:05","Short Call","low","0:00:53","09","20180221_09","S17_20180221",2021-02-03 09:39:12,2021-02-03 09:40:05,2252,"No",0
"6413","S17",20180221,"10:17:37","10:19:02","Long Call","high","0:01:25","10","20180221_10","S17_20180221",2021-02-03 10:17:37,2021-02-03 10:19:02,-12,"No",0
"6513","S17",20180221,"10:18:50","10:19:56","Short Call","med","0:01:06","10","20180221_10","S17_20180221",2021-02-03 10:18:50,2021-02-03 10:19:56,253,"No",0
"6613","S17",20180221,"10:24:09","10:25:49","Short Call","med","0:01:40","10","20180221_10","S17_20180221",2021-02-03 10:24:09,2021-02-03 10:25:49,346,"No",0
"6713","S17",20180221,"10:31:35","10:32:32","Short Call","med","0:00:57","10","20180221_10","S17_20180221",2021-02-03 10:31:35,2021-02-03 10:32:32,54,"No",0
"6811","S17",20180221,"10:33:26","10:34:33","Short Call","med","0:01:07","10","20180221_10","S17_20180221",2021-02-03 10:33:26,2021-02-03 10:34:33,NA,"No",0
"695","S17",20180222,"7:09:49","7:10:49","Long Call","med","0:01:00","07","20180222_07","S17_20180222",2021-02-03 07:09:49,2021-02-03 07:10:49,2191,"No",0
"704","S17",20180222,"7:47:20","7:48:34","Long Call","med","0:01:14","07","20180222_07","S17_20180222",2021-02-03 07:47:20,2021-02-03 07:48:34,2744,"No",0
"7110","S17",20180222,"8:34:18","8:34:27","Short Call","high","0:00:09","08","20180222_08","S17_20180222",2021-02-03 08:34:18,2021-02-03 08:34:27,1025,"No",0
"724","S17",20180222,"8:51:32","8:53:03","Short Call","high","0:01:31","08","20180222_08","S17_20180222",2021-02-03 08:51:32,2021-02-03 08:53:03,178,"No",0
"734","S17",20180222,"8:56:01","8:56:56","Short Call","high","0:00:55","08","20180222_08","S17_20180222",2021-02-03 08:56:01,2021-02-03 08:56:56,722,"No",0
"744","S17",20180222,"9:08:58","9:09:44","Short Call","high","0:00:46","09","20180222_09","S17_20180222",2021-02-03 09:08:58,2021-02-03 09:09:44,293,"No",0
"754","S17",20180222,"9:14:37","9:15:15","Short Call","high","0:00:38","09","20180222_09","S17_20180222",2021-02-03 09:14:37,2021-02-03 09:15:15,738,"No",0
"764","S17",20180222,"9:27:33","9:28:20","Long Call","low","0:00:47","09","20180222_09","S17_20180222",2021-02-03 09:27:33,2021-02-03 09:28:20,67,"No",0
"774","S17",20180222,"9:29:27","9:30:28","Short Call","high","0:01:01","09","20180222_09","S17_20180222",2021-02-03 09:29:27,2021-02-03 09:30:28,72,"No",0
"784","S17",20180222,"9:31:40","9:31:49","Short Call","high","0:00:09","09","20180222_09","S17_20180222",2021-02-03 09:31:40,2021-02-03 09:31:49,2686,"No",0
"794","S17",20180222,"10:16:35","10:17:39","Short Call","high","0:01:04","10","20180222_10","S17_20180222",2021-02-03 10:16:35,2021-02-03 10:17:39,1758,"No",0
"804","S17",20180222,"10:46:57","10:48:08","Short Call","high","0:01:11","10","20180222_10","S17_20180222",2021-02-03 10:46:57,2021-02-03 10:48:08,18,"No",0
"8110","S17",20180222,"10:48:26","10:49:36","Long Call","low","0:01:10","10","20180222_10","S17_20180222",2021-02-03 10:48:26,2021-02-03 10:49:36,136,"No",0
"824","S17",20180222,"10:51:52","10:52:40","Short Call","high","0:00:48","10","20180222_10","S17_20180222",2021-02-03 10:51:52,2021-02-03 10:52:40,937,"No",0
"834","S17",20180222,"11:08:17","11:09:42","Short Call","high","0:01:25","11","20180222_11","S17_20180222",2021-02-03 11:08:17,2021-02-03 11:09:42,719,"No",0
"844","S17",20180222,"11:21:41","11:22:25","Short Call","high","0:00:44","11","20180222_11","S17_20180222",2021-02-03 11:21:41,2021-02-03 11:22:25,323,"No",0
"854","S17",20180222,"11:27:48","11:28:43","Long Call","low","0:00:55","11","20180222_11","S17_20180222",2021-02-03 11:27:48,2021-02-03 11:28:43,4,"No",0
"864","S17",20180222,"11:28:47","11:29:39","Short Call","high","0:00:52","11","20180222_11","S17_20180222",2021-02-03 11:28:47,2021-02-03 11:29:39,283,"No",0
"874","S17",20180222,"11:34:22","11:34:41","Short Call","high","0:00:19","11","20180222_11","S17_20180222",2021-02-03 11:34:22,2021-02-03 11:34:41,206,"No",0
"884","S17",20180222,"11:38:07","11:39:16","Long Call","low","0:01:09","11","20180222_11","S17_20180222",2021-02-03 11:38:07,2021-02-03 11:39:16,-16,"No",0
"894","S17",20180222,"11:39:00","11:39:57","Short Call","high","0:00:57","11","20180222_11","S17_20180222",2021-02-03 11:39:00,2021-02-03 11:39:57,254,"No",0
"904","S17",20180222,"11:44:11","11:44:13","Short Call","high","0:00:02","11","20180222_11","S17_20180222",2021-02-03 11:44:11,2021-02-03 11:44:13,25247,"No",0
"9110","S17",20180222,"18:45:00","18:45:08","Short Call","high","0:00:08","18","20180222_18","S17_20180222",2021-02-03 18:45:00,2021-02-03 18:45:08,116,"No",0
"924","S17",20180222,"18:47:04","18:48:24","Long Call","low","0:01:20","18","20180222_18","S17_20180222",2021-02-03 18:47:04,2021-02-03 18:48:24,NA,"No",0
"934","S17",20180223,"7:05:56","7:06:06","Short Call","med","0:00:10","07","20180223_07","S17_20180223",2021-02-03 07:05:56,2021-02-03 07:06:06,3423,"No",0
"944","S17",20180223,"8:03:09","8:04:20","Long Call","med","0:01:11","08","20180223_08","S17_20180223",2021-02-03 08:03:09,2021-02-03 08:04:20,7,"No",0
"954","S17",20180223,"8:04:27","8:05:56","Short Call","low","0:01:29","08","20180223_08","S17_20180223",2021-02-03 08:04:27,2021-02-03 08:05:56,11649,"No",0
"963","S17",20180223,"11:20:05","11:21:33","Long Call","med","0:01:28","11","20180223_11","S17_20180223",2021-02-03 11:20:05,2021-02-03 11:21:33,-8,"No",0
"974","S17",20180223,"11:21:25","11:22:19","Short Call","low","0:00:54","11","20180223_11","S17_20180223",2021-02-03 11:21:25,2021-02-03 11:22:19,4968,"No",0
"984","S17",20180223,"12:45:07","12:46:18","Long Call","med","0:01:11","12","20180223_12","S17_20180223",2021-02-03 12:45:07,2021-02-03 12:46:18,2,"No",0
"994","S17",20180223,"12:46:20","12:47:09","Short Call","low","0:00:49","12","20180223_12","S17_20180223",2021-02-03 12:46:20,2021-02-03 12:47:09,9856,"No",0
"1004","S17",20180223,"15:31:25","15:32:20","Long Call","high","0:00:55","15","20180223_15","S17_20180223",2021-02-03 15:31:25,2021-02-03 15:32:20,NA,"No",0
"10110","S17",20180224,"3:20:10","3:21:18","Long Call","med","0:01:08","03","20180224_03","S17_20180224",2021-02-03 03:20:10,2021-02-03 03:21:18,21,"No",0
"1024","S17",20180224,"3:21:39","3:23:01","Long Call","low","0:01:22","03","20180224_03","S17_20180224",2021-02-03 03:21:39,2021-02-03 03:23:01,72,"No",0
"1034","S17",20180224,"3:24:13","3:25:35","Long Call","low","0:01:22","03","20180224_03","S17_20180224",2021-02-03 03:24:13,2021-02-03 03:25:35,14259,"No",0
"1044","S17",20180224,"7:23:14","7:23:25","Short Call","high","0:00:11","07","20180224_07","S17_20180224",2021-02-03 07:23:14,2021-02-03 07:23:25,382,"No",0
"1054","S17",20180224,"7:29:47","7:30:46","Long Call","high","0:00:59","07","20180224_07","S17_20180224",2021-02-03 07:29:47,2021-02-03 07:30:46,75,"No",0
"1064","S17",20180224,"7:32:01","7:32:52","Long Call","med","0:00:51","07","20180224_07","S17_20180224",2021-02-03 07:32:01,2021-02-03 07:32:52,1975,"No",0
"1074","S17",20180224,"8:05:47","8:07:05","Short Call","med","0:01:18","08","20180224_08","S17_20180224",2021-02-03 08:05:47,2021-02-03 08:07:05,42,"No",0
"1083","S17",20180224,"8:07:47","8:08:46","Long Call","low","0:00:59","08","20180224_08","S17_20180224",2021-02-03 08:07:47,2021-02-03 08:08:46,3601,"No",0
"1093","S17",20180224,"9:08:47","9:09:10","Short Call","med","0:00:23","09","20180224_09","S17_20180224",2021-02-03 09:08:47,2021-02-03 09:09:10,2875,"No",0
"1109","S17",20180224,"9:57:05","9:58:16","Short Call","med","0:01:11","09","20180224_09","S17_20180224",2021-02-03 09:57:05,2021-02-03 09:58:16,114,"No",0
"1119","S17",20180224,"10:00:10","10:00:20","Short Call","high","0:00:10","10","20180224_10","S17_20180224",2021-02-03 10:00:10,2021-02-03 10:00:20,347,"No",0
"1122","S17",20180224,"10:06:07","10:07:32","Short Call","med","0:01:25","10","20180224_10","S17_20180224",2021-02-03 10:06:07,2021-02-03 10:07:32,399,"No",0
"1132","S17",20180224,"10:14:11","10:14:59","Short Call","med","0:00:48","10","20180224_10","S17_20180224",2021-02-03 10:14:11,2021-02-03 10:14:59,1043,"No",0
"1142","S17",20180224,"10:32:22","10:33:47","Short Call","med","0:01:25","10","20180224_10","S17_20180224",2021-02-03 10:32:22,2021-02-03 10:33:47,182,"No",0
"1152","S17",20180224,"10:36:49","10:37:24","Short Call","med","0:00:35","10","20180224_10","S17_20180224",2021-02-03 10:36:49,2021-02-03 10:37:24,385,"No",0
"1162","S17",20180224,"10:43:49","10:44:32","Short Call","med","0:00:43","10","20180224_10","S17_20180224",2021-02-03 10:43:49,2021-02-03 10:44:32,466,"No",0
"1172","S17",20180224,"10:52:18","10:52:59","Short Call","med","0:00:41","10","20180224_10","S17_20180224",2021-02-03 10:52:18,2021-02-03 10:52:59,906,"No",0
"1182","S17",20180224,"11:08:05","11:08:45","Short Call","med","0:00:40","11","20180224_11","S17_20180224",2021-02-03 11:08:05,2021-02-03 11:08:45,95,"No",0
"1192","S17",20180224,"11:10:20","11:11:29","Long Call","low","0:01:09","11","20180224_11","S17_20180224",2021-02-03 11:10:20,2021-02-03 11:11:29,111,"No",0
"1202","S17",20180224,"11:13:20","11:14:18","Long Call","med","0:00:58","11","20180224_11","S17_20180224",2021-02-03 11:13:20,2021-02-03 11:14:18,-3,"Yes",1
"1218","S17",20180224,"11:14:15","11:15:11","Short Call","med","0:00:56","11","20180224_11","S17_20180224",2021-02-03 11:14:15,2021-02-03 11:15:11,1450,"No",0
"1222","S17",20180224,"11:39:21","11:40:22","Short Call","med","0:01:01","11","20180224_11","S17_20180224",2021-02-03 11:39:21,2021-02-03 11:40:22,16404,"No",0
"1232","S17",20180224,"16:13:46","16:15:23","Long Call","high","0:01:37","16","20180224_16","S17_20180224",2021-02-03 16:13:46,2021-02-03 16:15:23,NA,"No",0
"1242","S17",20180225,"8:03:02","8:04:04","Long Call","med","0:01:02","08","20180225_08","S17_20180225",2021-02-03 08:03:02,2021-02-03 08:04:04,2103,"No",0
"1252","S17",20180225,"8:39:07","8:40:23","Long Call","med","0:01:16","08","20180225_08","S17_20180225",2021-02-03 08:39:07,2021-02-03 08:40:23,37995,"No",0
"1262","S17",20180225,"19:13:38","19:13:48","Short Call","high","0:00:10","19","20180225_19","S17_20180225",2021-02-03 19:13:38,2021-02-03 19:13:48,NA,"No",0
"1272","S17",20180226,"9:06:33","9:12:53","Short Call","med","0:06:20","09","20180226_09","S17_20180226",2021-02-03 09:06:33,2021-02-03 09:12:53,612,"No",0
"1282","S17",20180226,"9:23:05","9:24:21","Short Call","med","0:01:16","09","20180226_09","S17_20180226",2021-02-03 09:23:05,2021-02-03 09:24:21,504,"No",0
"1292","S17",20180226,"9:32:45","9:34:04","Short Call","med","0:01:19","09","20180226_09","S17_20180226",2021-02-03 09:32:45,2021-02-03 09:34:04,7410,"No",0
"1302","S17",20180226,"11:37:34","11:38:24","Long Call","med","0:00:50","11","20180226_11","S17_20180226",2021-02-03 11:37:34,2021-02-03 11:38:24,-24,"No",0
"1318","S17",20180226,"11:38:00","11:39:30","Short Call","med","0:01:30","11","20180226_11","S17_20180226",2021-02-03 11:38:00,2021-02-03 11:39:30,382,"No",0
"1322","S17",20180226,"11:45:52","11:46:49","Short Call","med","0:00:57","11","20180226_11","S17_20180226",2021-02-03 11:45:52,2021-02-03 11:46:49,376,"No",0
"1332","S17",20180226,"11:53:05","11:54:22","Long Call","low","0:01:17","11","20180226_11","S17_20180226",2021-02-03 11:53:05,2021-02-03 11:54:22,-45,"No",0
"1342","S17",20180226,"11:53:37","11:55:09","Short Call","med","0:01:32","11","20180226_11","S17_20180226",2021-02-03 11:53:37,2021-02-03 11:55:09,386,"No",0
"1352","S17",20180226,"12:01:35","12:01:57","Short Call","med","0:00:22","12","20180226_12","S17_20180226",2021-02-03 12:01:35,2021-02-03 12:01:57,286,"No",0
"1362","S17",20180226,"12:06:43","12:07:15","Short Call","low","0:00:32","12","20180226_12","S17_20180226",2021-02-03 12:06:43,2021-02-03 12:07:15,183,"No",0
"1372","S17",20180226,"12:10:18","12:10:44","Short Call","med","0:00:26","12","20180226_12","S17_20180226",2021-02-03 12:10:18,2021-02-03 12:10:44,1584,"No",0
"1382","S17",20180226,"12:37:08","12:37:17","Short Call","med","0:00:09","12","20180226_12","S17_20180226",2021-02-03 12:37:08,2021-02-03 12:37:17,4555,"No",0
"1392","S17",20180226,"13:53:12","13:54:17","Long Call","high","0:01:05","13","20180226_13","S17_20180226",2021-02-03 13:53:12,2021-02-03 13:54:17,10,"No",0
"1402","S17",20180226,"13:54:27","13:55:19","Long Call","low","0:00:52","13","20180226_13","S17_20180226",2021-02-03 13:54:27,2021-02-03 13:55:19,1823,"No",0
"1417","S17",20180226,"14:25:42","14:26:47","Long Call","high","0:01:05","14","20180226_14","S17_20180226",2021-02-03 14:25:42,2021-02-03 14:26:47,2651,"No",0
"1422","S17",20180226,"15:10:58","15:11:06","Short Call","high","0:00:08","15","20180226_15","S17_20180226",2021-02-03 15:10:58,2021-02-03 15:11:06,NA,"No",0
"1432","S17",20180227,"8:13:53","8:14:03","Short Call","med","0:00:10","08","20180227_08","S17_20180227",2021-02-03 08:13:53,2021-02-03 08:14:03,4340,"No",0
"1442","S17",20180227,"9:26:23","9:27:10","Long Call","low","0:00:47","09","20180227_09","S17_20180227",2021-02-03 09:26:23,2021-02-03 09:27:10,-18,"No",0
"1452","S17",20180227,"9:26:52","9:28:18","Short Call","med","0:01:26","09","20180227_09","S17_20180227",2021-02-03 09:26:52,2021-02-03 09:28:18,1,"No",0
"1462","S17",20180227,"9:28:19","9:29:11","Long Call","low","0:00:52","09","20180227_09","S17_20180227",2021-02-03 09:28:19,2021-02-03 09:29:11,23,"No",0
"1472","S17",20180227,"9:29:34","9:29:57","Short Call","med","0:00:23","09","20180227_09","S17_20180227",2021-02-03 09:29:34,2021-02-03 09:29:57,2436,"No",0
"1482","S17",20180227,"10:10:33","10:11:39","Short Call","med","0:01:06","10","20180227_10","S17_20180227",2021-02-03 10:10:33,2021-02-03 10:11:39,159,"No",0
"1492","S17",20180227,"10:14:18","10:15:20","Short Call","med","0:01:02","10","20180227_10","S17_20180227",2021-02-03 10:14:18,2021-02-03 10:15:20,684,"No",0
"1502","S17",20180227,"10:26:44","10:27:44","Short Call","med","0:01:00","10","20180227_10","S17_20180227",2021-02-03 10:26:44,2021-02-03 10:27:44,255,"No",0
"1517","S17",20180227,"10:31:59","10:33:18","Short Call","med","0:01:19","10","20180227_10","S17_20180227",2021-02-03 10:31:59,2021-02-03 10:33:18,-14,"No",0
"1522","S17",20180227,"10:33:04","10:33:51","Short Call","low","0:00:47","10","20180227_10","S17_20180227",2021-02-03 10:33:04,2021-02-03 10:33:51,788,"No",0
"1532","S17",20180227,"10:46:59","10:47:39","Short Call","low","0:00:40","10","20180227_10","S17_20180227",2021-02-03 10:46:59,2021-02-03 10:47:39,272,"No",0
"1542","S17",20180227,"10:52:11","10:52:59","Short Call","med","0:00:48","10","20180227_10","S17_20180227",2021-02-03 10:52:11,2021-02-03 10:52:59,195,"No",0
"1552","S17",20180227,"10:56:14","10:56:51","Short Call","med","0:00:37","10","20180227_10","S17_20180227",2021-02-03 10:56:14,2021-02-03 10:56:51,258,"No",0
"1562","S17",20180227,"11:01:09","11:01:59","Short Call","low","0:00:50","11","20180227_11","S17_20180227",2021-02-03 11:01:09,2021-02-03 11:01:59,501,"No",0
"1572","S17",20180227,"11:10:20","11:11:12","Short Call","med","0:00:52","11","20180227_11","S17_20180227",2021-02-03 11:10:20,2021-02-03 11:11:12,327,"No",0
"1582","S17",20180227,"11:16:39","11:17:28","Short Call","low","0:00:49","11","20180227_11","S17_20180227",2021-02-03 11:16:39,2021-02-03 11:17:28,389,"No",0
"1592","S17",20180227,"11:23:57","11:25:02","Long Call","low","0:01:05","11","20180227_11","S17_20180227",2021-02-03 11:23:57,2021-02-03 11:25:02,973,"No",0
"1602","S17",20180227,"11:41:15","11:42:05","Short Call","low","0:00:50","11","20180227_11","S17_20180227",2021-02-03 11:41:15,2021-02-03 11:42:05,-13,"No",0
"1617","S17",20180227,"11:41:52","11:42:39","Long Call","low","0:00:47","11","20180227_11","S17_20180227",2021-02-03 11:41:52,2021-02-03 11:42:39,-5,"No",0
"1622","S17",20180227,"11:42:34","11:43:32","Short Call","med","0:00:58","11","20180227_11","S17_20180227",2021-02-03 11:42:34,2021-02-03 11:43:32,344,"No",0
"1632","S17",20180227,"11:49:16","11:50:17","Short Call","med","0:01:01","11","20180227_11","S17_20180227",2021-02-03 11:49:16,2021-02-03 11:50:17,212,"No",0
"1642","S17",20180227,"11:53:49","11:54:51","Long Call","low","0:01:02","11","20180227_11","S17_20180227",2021-02-03 11:53:49,2021-02-03 11:54:51,173,"No",0
"1652","S17",20180227,"11:57:44","11:58:56","Short Call","med","0:01:12","11","20180227_11","S17_20180227",2021-02-03 11:57:44,2021-02-03 11:58:56,6762,"No",0
"1662","S17",20180227,"13:51:38","13:52:33","Long Call","med","0:00:55","13","20180227_13","S17_20180227",2021-02-03 13:51:38,2021-02-03 13:52:33,4778,"No",0
"1672","S17",20180227,"15:12:11","15:13:18","Long Call","low","0:01:07","15","20180227_15","S17_20180227",2021-02-03 15:12:11,2021-02-03 15:13:18,170,"No",0
"1682","S17",20180227,"15:16:08","15:17:21","Long Call","med","0:01:13","15","20180227_15","S17_20180227",2021-02-03 15:16:08,2021-02-03 15:17:21,46,"No",0
"1692","S17",20180227,"15:18:07","15:18:16","Short Call","low","0:00:09","15","20180227_15","S17_20180227",2021-02-03 15:18:07,2021-02-03 15:18:16,54,"No",0
"1702","S17",20180227,"15:19:10","15:19:20","Short Call","low","0:00:10","15","20180227_15","S17_20180227",2021-02-03 15:19:10,2021-02-03 15:19:20,1143,"No",0
"1717","S17",20180227,"15:38:23","15:39:18","Short Call","low","0:00:55","15","20180227_15","S17_20180227",2021-02-03 15:38:23,2021-02-03 15:39:18,85,"No",0
"1722","S17",20180227,"15:40:43","15:42:07","Long Call","med","0:01:24","15","20180227_15","S17_20180227",2021-02-03 15:40:43,2021-02-03 15:42:07,2,"No",0
"1732","S17",20180227,"15:42:09","15:43:03","Short Call","low","0:00:54","15","20180227_15","S17_20180227",2021-02-03 15:42:09,2021-02-03 15:43:03,NA,"No",0
"1742","S17",20180228,"7:55:02","7:55:52","Long Call","low","0:00:50","07","20180228_07","S17_20180228",2021-02-03 07:55:02,2021-02-03 07:55:52,99,"No",0
"1752","S17",20180228,"7:57:31","7:57:40","Short Call","med","0:00:09","07","20180228_07","S17_20180228",2021-02-03 07:57:31,2021-02-03 07:57:40,5969,"No",0
"1762","S17",20180228,"9:37:09","9:38:00","Long Call","low","0:00:51","09","20180228_09","S17_20180228",2021-02-03 09:37:09,2021-02-03 09:38:00,-6,"No",0
"1772","S17",20180228,"9:37:54","9:39:03","Short Call","high","0:01:09","09","20180228_09","S17_20180228",2021-02-03 09:37:54,2021-02-03 09:39:03,761,"No",0
"1782","S17",20180228,"9:51:44","9:52:33","Long Call","med","0:00:49","09","20180228_09","S17_20180228",2021-02-03 09:51:44,2021-02-03 09:52:33,0,"Yes",1
"1792","S17",20180228,"9:52:33","9:53:12","Short Call","med","0:00:39","09","20180228_09","S17_20180228",2021-02-03 09:52:33,2021-02-03 09:53:12,355,"No",0
"1802","S17",20180228,"9:59:07","9:59:59","Short Call","med","0:00:52","09","20180228_09","S17_20180228",2021-02-03 09:59:07,2021-02-03 09:59:59,3333,"No",0
"1817","S17",20180228,"10:55:32","10:56:30","Long Call","low","0:00:58","10","20180228_10","S17_20180228",2021-02-03 10:55:32,2021-02-03 10:56:30,-7,"No",0
"1822","S17",20180228,"10:56:23","10:56:44","Short Call","med","0:00:21","10","20180228_10","S17_20180228",2021-02-03 10:56:23,2021-02-03 10:56:44,4,"No",0
"1832","S17",20180228,"10:56:48","10:57:43","Long Call","med","0:00:55","10","20180228_10","S17_20180228",2021-02-03 10:56:48,2021-02-03 10:57:43,-24,"No",0
"1842","S17",20180228,"10:57:19","10:58:43","Short Call","med","0:01:24","10","20180228_10","S17_20180228",2021-02-03 10:57:19,2021-02-03 10:58:43,225,"No",0
"1852","S17",20180228,"11:02:28","11:03:44","Short Call","med","0:01:16","11","20180228_11","S17_20180228",2021-02-03 11:02:28,2021-02-03 11:03:44,4,"No",0
"1862","S17",20180228,"11:03:48","11:04:58","Short Call","low","0:01:10","11","20180228_11","S17_20180228",2021-02-03 11:03:48,2021-02-03 11:04:58,5022,"No",0
"1872","S17",20180228,"12:28:40","12:29:30","Short Call","med","0:00:50","12","20180228_12","S17_20180228",2021-02-03 12:28:40,2021-02-03 12:29:30,6335,"No",0
"1882","S17",20180228,"14:15:05","14:17:27","Long Call","low","0:02:22","14","20180228_14","S17_20180228",2021-02-03 14:15:05,2021-02-03 14:17:27,124,"No",0
"1892","S17",20180228,"14:19:31","14:20:30","Long Call","med","0:00:59","14","20180228_14","S17_20180228",2021-02-03 14:19:31,2021-02-03 14:20:30,1908,"No",0
"1902","S17",20180228,"14:52:18","14:52:24","Short Call","high","0:00:06","14","20180228_14","S17_20180228",2021-02-03 14:52:18,2021-02-03 14:52:24,NA,"No",0
"1917","S17",20180301,"8:46:25","8:47:24","Long Call","high","0:00:59","08","20180301_08","S17_20180301",2021-02-03 08:46:25,2021-02-03 08:47:24,10,"No",0
"1922","S17",20180301,"8:47:34","8:48:24","Short Call","low","0:00:50","08","20180301_08","S17_20180301",2021-02-03 08:47:34,2021-02-03 08:48:24,5,"No",0
"1932","S17",20180301,"8:48:29","8:49:20","Long Call","med","0:00:51","08","20180301_08","S17_20180301",2021-02-03 08:48:29,2021-02-03 08:49:20,6291,"No",0
"1942","S17",20180301,"10:34:11","10:35:25","Short Call","med","0:01:14","10","20180301_10","S17_20180301",2021-02-03 10:34:11,2021-02-03 10:35:25,13059,"No",0
"1952","S17",20180301,"14:13:04","14:14:30","Long Call","med","0:01:26","14","20180301_14","S17_20180301",2021-02-03 14:13:04,2021-02-03 14:14:30,3146,"No",0
"1962","S17",20180301,"15:06:56","15:08:09","Long Call","high","0:01:13","15","20180301_15","S17_20180301",2021-02-03 15:06:56,2021-02-03 15:08:09,3342,"No",0
"1972","S17",20180301,"16:03:51","16:04:45","Short Call","high","0:00:54","16","20180301_16","S17_20180301",2021-02-03 16:03:51,2021-02-03 16:04:45,NA,"No",0
"1982","S17",20180302,"8:05:06","8:06:33","Long Call","high","0:01:27","08","20180302_08","S17_20180302",2021-02-03 08:05:06,2021-02-03 08:06:33,68,"No",0
"1992","S17",20180302,"8:07:41","8:07:51","Short Call","med","0:00:10","08","20180302_08","S17_20180302",2021-02-03 08:07:41,2021-02-03 08:07:51,987,"No",0
"2002","S17",20180302,"8:24:18","8:25:33","Short Call","med","0:01:15","08","20180302_08","S17_20180302",2021-02-03 08:24:18,2021-02-03 08:25:33,121,"No",0
"2017","S17",20180302,"8:27:34","8:28:49","Short Call","med","0:01:15","08","20180302_08","S17_20180302",2021-02-03 08:27:34,2021-02-03 08:28:49,1800,"No",0
"2022","S17",20180302,"8:58:49","8:59:38","Short Call","med","0:00:49","08","20180302_08","S17_20180302",2021-02-03 08:58:49,2021-02-03 08:59:38,5537,"No",0
"2032","S17",20180302,"10:31:55","10:32:55","Long Call","low","0:01:00","10","20180302_10","S17_20180302",2021-02-03 10:31:55,2021-02-03 10:32:55,60,"No",0
"2042","S17",20180302,"10:33:55","10:34:07","Short Call","med","0:00:12","10","20180302_10","S17_20180302",2021-02-03 10:33:55,2021-02-03 10:34:07,1,"No",0
"2052","S17",20180302,"10:34:08","10:35:47","Long Call","med","0:01:39","10","20180302_10","S17_20180302",2021-02-03 10:34:08,2021-02-03 10:35:47,3562,"No",0
"2062","S17",20180302,"11:35:09","11:36:08","Long Call","low","0:00:59","11","20180302_11","S17_20180302",2021-02-03 11:35:09,2021-02-03 11:36:08,-15,"No",0
"2072","S17",20180302,"11:35:53","11:38:33","Short Call","med","0:02:40","11","20180302_11","S17_20180302",2021-02-03 11:35:53,2021-02-03 11:38:33,252,"No",0
"2082","S17",20180302,"11:42:45","11:44:02","Short Call","low","0:01:17","11","20180302_11","S17_20180302",2021-02-03 11:42:45,2021-02-03 11:44:02,0,"Yes",1
"2092","S17",20180302,"11:44:02","11:45:12","Short Call","med","0:01:10","11","20180302_11","S17_20180302",2021-02-03 11:44:02,2021-02-03 11:45:12,202,"No",0
"2108","S17",20180302,"11:48:34","11:49:40","Long Call","low","0:01:06","11","20180302_11","S17_20180302",2021-02-03 11:48:34,2021-02-03 11:49:40,-13,"No",0
"2117","S17",20180302,"11:49:27","11:50:55","Short Call","med","0:01:28","11","20180302_11","S17_20180302",2021-02-03 11:49:27,2021-02-03 11:50:55,381,"No",0
"2122","S17",20180302,"11:57:16","11:58:07","Short Call","med","0:00:51","11","20180302_11","S17_20180302",2021-02-03 11:57:16,2021-02-03 11:58:07,869,"No",0
"2132","S17",20180302,"12:12:36","12:13:51","Long Call","low","0:01:15","12","20180302_12","S17_20180302",2021-02-03 12:12:36,2021-02-03 12:13:51,0,"Yes",1
"2142","S17",20180302,"12:13:51","12:14:31","Short Call","med","0:00:40","12","20180302_12","S17_20180302",2021-02-03 12:13:51,2021-02-03 12:14:31,45,"No",0
"2152","S17",20180302,"12:15:16","12:16:36","Long Call","low","0:01:20","12","20180302_12","S17_20180302",2021-02-03 12:15:16,2021-02-03 12:16:36,-26,"No",0
"2162","S17",20180302,"12:16:10","12:17:11","Short Call","med","0:01:01","12","20180302_12","S17_20180302",2021-02-03 12:16:10,2021-02-03 12:17:11,991,"No",0
"2172","S17",20180302,"12:33:42","12:34:38","Long Call","med","0:00:56","12","20180302_12","S17_20180302",2021-02-03 12:33:42,2021-02-03 12:34:38,2,"No",0
"2182","S17",20180302,"12:34:40","12:35:10","Short Call","low","0:00:30","12","20180302_12","S17_20180302",2021-02-03 12:34:40,2021-02-03 12:35:10,262,"No",0
"2192","S17",20180302,"12:39:32","12:40:34","Short Call","med","0:01:02","12","20180302_12","S17_20180302",2021-02-03 12:39:32,2021-02-03 12:40:34,768,"No",0
"2202","S17",20180302,"12:53:22","12:54:23","Long Call","med","0:01:01","12","20180302_12","S17_20180302",2021-02-03 12:53:22,2021-02-03 12:54:23,-12,"No",0
"2217","S17",20180302,"12:54:11","12:55:12","Short Call","med","0:01:01","12","20180302_12","S17_20180302",2021-02-03 12:54:11,2021-02-03 12:55:12,12382,"No",0
"2222","S17",20180302,"16:21:34","16:22:56","Long Call","med","0:01:22","16","20180302_16","S17_20180302",2021-02-03 16:21:34,2021-02-03 16:22:56,NA,"No",0
"2232","S17",20180303,"7:07:23","7:08:41","Long Call","high","0:01:18","07","20180303_07","S17_20180303",2021-02-03 07:07:23,2021-02-03 07:08:41,17631,"No",0
"2242","S17",20180303,"12:02:32","12:03:52","Short Call","high","0:01:20","12","20180303_12","S17_20180303",2021-02-03 12:02:32,2021-02-03 12:03:52,174,"No",0
"2252","S17",20180303,"12:06:46","12:08:11","Short Call","high","0:01:25","12","20180303_12","S17_20180303",2021-02-03 12:06:46,2021-02-03 12:08:11,420,"No",0
"2262","S17",20180303,"12:15:11","12:16:53","Short Call","high","0:01:42","12","20180303_12","S17_20180303",2021-02-03 12:15:11,2021-02-03 12:16:53,584,"No",0
"2272","S17",20180303,"12:26:37","12:26:44","Short Call","high","0:00:07","12","20180303_12","S17_20180303",2021-02-03 12:26:37,2021-02-03 12:26:44,2172,"No",0
"2282","S17",20180303,"13:02:56","13:04:12","Short Call","high","0:01:16","13","20180303_13","S17_20180303",2021-02-03 13:02:56,2021-02-03 13:04:12,377,"No",0
"2292","S17",20180303,"13:10:29","13:10:52","Short Call","high","0:00:23","13","20180303_13","S17_20180303",2021-02-03 13:10:29,2021-02-03 13:10:52,2545,"No",0
"2302","S17",20180303,"13:53:17","13:54:16","Short Call","high","0:00:59","13","20180303_13","S17_20180303",2021-02-03 13:53:17,2021-02-03 13:54:16,246,"No",0
"2316","S17",20180303,"13:58:22","13:59:23","Long Call","low","0:01:01","13","20180303_13","S17_20180303",2021-02-03 13:58:22,2021-02-03 13:59:23,-8,"No",0
"2322","S17",20180303,"13:59:15","13:59:49","Short Call","high","0:00:34","13","20180303_13","S17_20180303",2021-02-03 13:59:15,2021-02-03 13:59:49,NA,"No",0
"2332","S17",20180304,"8:35:30","8:36:23","Long Call","low","0:00:53","08","20180304_08","S17_20180304",2021-02-03 08:35:30,2021-02-03 08:36:23,214,"No",0
"2342","S17",20180304,"8:39:57","8:40:07","Short Call","high","0:00:10","08","20180304_08","S17_20180304",2021-02-03 08:39:57,2021-02-03 08:40:07,807,"No",0
"2352","S17",20180304,"8:53:34","8:54:51","Short Call","high","0:01:17","08","20180304_08","S17_20180304",2021-02-03 08:53:34,2021-02-03 08:54:51,1552,"No",0
"2362","S17",20180304,"9:20:43","9:22:26","Short Call","high","0:01:43","09","20180304_09","S17_20180304",2021-02-03 09:20:43,2021-02-03 09:22:26,5135,"No",0
"2372","S17",20180304,"10:48:01","10:48:35","Short Call","high","0:00:34","10","20180304_10","S17_20180304",2021-02-03 10:48:01,2021-02-03 10:48:35,549,"No",0
"2382","S17",20180304,"10:57:44","10:58:46","Short Call","high","0:01:02","10","20180304_10","S17_20180304",2021-02-03 10:57:44,2021-02-03 10:58:46,625,"No",0
"2392","S17",20180304,"11:09:11","11:10:13","Short Call","high","0:01:02","11","20180304_11","S17_20180304",2021-02-03 11:09:11,2021-02-03 11:10:13,296,"No",0
"2402","S17",20180304,"11:15:09","11:16:43","Short Call","high","0:01:34","11","20180304_11","S17_20180304",2021-02-03 11:15:09,2021-02-03 11:16:43,850,"No",0
"2417","S17",20180304,"11:30:53","11:32:33","Short Call","high","0:01:40","11","20180304_11","S17_20180304",2021-02-03 11:30:53,2021-02-03 11:32:33,1198,"No",0
"2422","S17",20180304,"11:52:31","11:53:36","Short Call","high","0:01:05","11","20180304_11","S17_20180304",2021-02-03 11:52:31,2021-02-03 11:53:36,650,"No",0
"2432","S17",20180304,"12:04:26","12:04:39","Short Call","high","0:00:13","12","20180304_12","S17_20180304",2021-02-03 12:04:26,2021-02-03 12:04:39,2259,"No",0
"2442","S17",20180304,"12:42:18","12:43:40","Short Call","low","0:01:22","12","20180304_12","S17_20180304",2021-02-03 12:42:18,2021-02-03 12:43:40,26,"No",0
"2452","S17",20180304,"12:44:06","12:45:10","Short Call","high","0:01:04","12","20180304_12","S17_20180304",2021-02-03 12:44:06,2021-02-03 12:45:10,NA,"No",0
"2462","S17",20180305,"10:12:13","10:13:11","Long Call","low","0:00:58","10","20180305_10","S17_20180305",2021-02-03 10:12:13,2021-02-03 10:13:11,2551,"No",0
"2472","S17",20180305,"10:55:42","10:57:04","Short Call","low","0:01:22","10","20180305_10","S17_20180305",2021-02-03 10:55:42,2021-02-03 10:57:04,386,"No",0
"2482","S17",20180305,"11:03:30","11:04:20","Short Call","low","0:00:50","11","20180305_11","S17_20180305",2021-02-03 11:03:30,2021-02-03 11:04:20,12067,"No",0
"2492","S17",20180305,"14:25:27","14:26:55","Long Call","high","0:01:28","14","20180305_14","S17_20180305",2021-02-03 14:25:27,2021-02-03 14:26:55,3749,"No",0
"2502","S17",20180305,"15:29:24","15:31:00","Long Call","med","0:01:36","15","20180305_15","S17_20180305",2021-02-03 15:29:24,2021-02-03 15:31:00,NA,"No",0
"2516","S17",20180306,"8:34:54","8:35:42","Long Call","low","0:00:48","08","20180306_08","S17_20180306",2021-02-03 08:34:54,2021-02-03 08:35:42,47,"No",0
"2522","S17",20180306,"8:36:29","8:36:40","Short Call","high","0:00:11","08","20180306_08","S17_20180306",2021-02-03 08:36:29,2021-02-03 08:36:40,687,"No",0
"2532","S17",20180306,"8:48:07","8:49:22","Short Call","high","0:01:15","08","20180306_08","S17_20180306",2021-02-03 08:48:07,2021-02-03 08:49:22,1038,"No",0
"2542","S17",20180306,"9:06:40","9:08:34","Short Call","high","0:01:54","09","20180306_09","S17_20180306",2021-02-03 09:06:40,2021-02-03 09:08:34,702,"No",0
"2552","S17",20180306,"9:20:16","9:21:31","Short Call","high","0:01:15","09","20180306_09","S17_20180306",2021-02-03 09:20:16,2021-02-03 09:21:31,2875,"No",0
"2562","S17",20180306,"10:09:26","10:10:21","Long Call","high","0:00:55","10","20180306_10","S17_20180306",2021-02-03 10:09:26,2021-02-03 10:10:21,1195,"No",0
"2572","S17",20180306,"10:30:16","10:31:24","Long Call","high","0:01:08","10","20180306_10","S17_20180306",2021-02-03 10:30:16,2021-02-03 10:31:24,1326,"No",0
"2582","S17",20180306,"10:53:30","10:54:33","Long Call","low","0:01:03","10","20180306_10","S17_20180306",2021-02-03 10:53:30,2021-02-03 10:54:33,1857,"No",0
"2592","S17",20180306,"11:25:30","11:26:43","Long Call","med","0:01:13","11","20180306_11","S17_20180306",2021-02-03 11:25:30,2021-02-03 11:26:43,18889,"No",0
"2602","S17",20180306,"16:41:32","16:42:33","Long Call","high","0:01:01","16","20180306_16","S17_20180306",2021-02-03 16:41:32,2021-02-03 16:42:33,7759,"No",0
"2616","S17",20180306,"18:51:52","18:52:54","Long Call","low","0:01:02","18","20180306_18","S17_20180306",2021-02-03 18:51:52,2021-02-03 18:52:54,53,"No",0
"2622","S17",20180306,"18:53:47","18:54:55","Long Call","low","0:01:08","18","20180306_18","S17_20180306",2021-02-03 18:53:47,2021-02-03 18:54:55,NA,"No",0
"2632","S17",20180307,"3:44:07","3:45:16","Long Call","high","0:01:09","03","20180307_03","S17_20180307",2021-02-03 03:44:07,2021-02-03 03:45:16,23930,"No",0
"2642","S17",20180307,"10:24:06","10:24:17","Short Call","high","0:00:11","10","20180307_10","S17_20180307",2021-02-03 10:24:06,2021-02-03 10:24:17,10573,"No",0
"2652","S17",20180307,"13:20:30","13:22:19","Long Call","high","0:01:49","13","20180307_13","S17_20180307",2021-02-03 13:20:30,2021-02-03 13:22:19,20334,"No",0
"2662","S17",20180307,"19:01:13","19:02:44","Long Call","low","0:01:31","19","20180307_19","S17_20180307",2021-02-03 19:01:13,2021-02-03 19:02:44,NA,"No",0
"2672","S17",20180308,"7:24:52","7:25:02","Short Call","low","0:00:10","07","20180308_07","S17_20180308",2021-02-03 07:24:52,2021-02-03 07:25:02,991,"No",0
"2682","S17",20180308,"7:41:33","7:43:17","Short Call","med","0:01:44","07","20180308_07","S17_20180308",2021-02-03 07:41:33,2021-02-03 07:43:17,191,"No",0
"2692","S17",20180308,"7:46:28","7:47:00","Short Call","low","0:00:32","07","20180308_07","S17_20180308",2021-02-03 07:46:28,2021-02-03 07:47:00,315,"No",0
"2702","S17",20180308,"7:52:15","7:53:22","Short Call","low","0:01:07","07","20180308_07","S17_20180308",2021-02-03 07:52:15,2021-02-03 07:53:22,759,"No",0
"2717","S17",20180308,"8:06:01","8:07:13","Long Call","low","0:01:12","08","20180308_08","S17_20180308",2021-02-03 08:06:01,2021-02-03 08:07:13,42,"No",0
"2722","S17",20180308,"8:07:55","8:09:15","Short Call","med","0:01:20","08","20180308_08","S17_20180308",2021-02-03 08:07:55,2021-02-03 08:09:15,1935,"No",0
"2732","S17",20180308,"8:41:30","8:42:39","Short Call","med","0:01:09","08","20180308_08","S17_20180308",2021-02-03 08:41:30,2021-02-03 08:42:39,838,"No",0
"2742","S17",20180308,"8:56:37","8:58:36","Short Call","low","0:01:59","08","20180308_08","S17_20180308",2021-02-03 08:56:37,2021-02-03 08:58:36,227,"No",0
"2752","S17",20180308,"9:02:23","9:03:41","Short Call","med","0:01:18","09","20180308_09","S17_20180308",2021-02-03 09:02:23,2021-02-03 09:03:41,135,"No",0
"2762","S17",20180308,"9:05:56","9:07:24","Short Call","low","0:01:28","09","20180308_09","S17_20180308",2021-02-03 09:05:56,2021-02-03 09:07:24,688,"No",0
"2772","S17",20180308,"9:18:52","9:19:49","Long Call","high","0:00:57","09","20180308_09","S17_20180308",2021-02-03 09:18:52,2021-02-03 09:19:49,1,"No",0
"2782","S17",20180308,"9:19:50","9:20:41","Short Call","med","0:00:51","09","20180308_09","S17_20180308",2021-02-03 09:19:50,2021-02-03 09:20:41,51,"No",0
"2792","S17",20180308,"9:21:32","9:22:35","Short Call","low","0:01:03","09","20180308_09","S17_20180308",2021-02-03 09:21:32,2021-02-03 09:22:35,214,"No",0
"2802","S17",20180308,"9:26:09","9:27:16","Short Call","med","0:01:07","09","20180308_09","S17_20180308",2021-02-03 09:26:09,2021-02-03 09:27:16,10373,"No",0
"2815","S17",20180308,"12:20:09","12:20:57","Long Call","med","0:00:48","12","20180308_12","S17_20180308",2021-02-03 12:20:09,2021-02-03 12:20:57,6151,"No",0
"2822","S17",20180308,"14:03:28","14:05:03","Long Call","high","0:01:35","14","20180308_14","S17_20180308",2021-02-03 14:03:28,2021-02-03 14:05:03,NA,"No",0
"2832","S17",21080309,"6:50:45","6:52:25","Long Call","high","0:01:40","06","21080309_06","S17_21080309",2021-02-03 06:50:45,2021-02-03 06:52:25,5654,"No",0
"2842","S17",21080309,"8:26:39","8:26:50","Short Call","high","0:00:11","08","21080309_08","S17_21080309",2021-02-03 08:26:39,2021-02-03 08:26:50,1376,"No",0
"2852","S17",21080309,"8:49:46","8:51:15","Short Call","med","0:01:29","08","21080309_08","S17_21080309",2021-02-03 08:49:46,2021-02-03 08:51:15,5323,"No",0
"2862","S17",21080309,"10:19:58","10:21:02","Short Call","med","0:01:04","10","21080309_10","S17_21080309",2021-02-03 10:19:58,2021-02-03 10:21:02,2986,"No",0
"2872","S17",21080309,"11:10:48","11:11:49","Short Call","med","0:01:01","11","21080309_11","S17_21080309",2021-02-03 11:10:48,2021-02-03 11:11:49,28513,"No",0
"2882","S17",21080309,"19:07:02","19:07:15","Short Call","high","0:00:13","19","21080309_19","S17_21080309",2021-02-03 19:07:02,2021-02-03 19:07:15,NA,"No",0
"2892","S17",21080310,"11:36:48","11:37:48","Long Call","med","0:01:00","11","21080310_11","S17_21080310",2021-02-03 11:36:48,2021-02-03 11:37:48,-5,"No",0
"2902","S17",21080310,"11:37:43","11:38:45","Short Call","low","0:01:02","11","21080310_11","S17_21080310",2021-02-03 11:37:43,2021-02-03 11:38:45,22244,"No",0
"2917","S17",21080310,"17:49:29","17:51:28","Short Call","low","0:01:59","17","21080310_17","S17_21080310",2021-02-03 17:49:29,2021-02-03 17:51:28,3932,"No",0
"2922","S17",21080310,"18:57:00","18:59:30","Long Call","low","0:02:30","18","21080310_18","S17_21080310",2021-02-03 18:57:00,2021-02-03 18:59:30,NA,"No",0
"2932","S17",21080311,"7:06:49","7:08:26","Long Call","low","0:01:37","07","21080311_07","S17_21080311",2021-02-03 07:06:49,2021-02-03 07:08:26,1144,"No",0
"2942","S17",21080311,"7:27:30","7:28:35","Short Call","med","0:01:05","07","21080311_07","S17_21080311",2021-02-03 07:27:30,2021-02-03 07:28:35,349,"No",0
"2952","S17",21080311,"7:34:24","7:35:38","Short Call","low","0:01:14","07","21080311_07","S17_21080311",2021-02-03 07:34:24,2021-02-03 07:35:38,483,"No",0
"2962","S17",21080311,"7:43:41","7:44:57","Short Call","low","0:01:16","07","21080311_07","S17_21080311",2021-02-03 07:43:41,2021-02-03 07:44:57,460,"No",0
"2972","S17",21080311,"7:52:37","7:53:53","Short Call","low","0:01:16","07","21080311_07","S17_21080311",2021-02-03 07:52:37,2021-02-03 07:53:53,NA,"No",0
"2982","S17",20180312,"10:23:17","10:24:47","Short Call","med","0:01:30","10","20180312_10","S17_20180312",2021-02-03 10:23:17,2021-02-03 10:24:47,10124,"No",0
"2992","S17",20180312,"13:13:31","13:14:42","Long Call","med","0:01:11","13","20180312_13","S17_20180312",2021-02-03 13:13:31,2021-02-03 13:14:42,20957,"No",0
"3002","S17",20180312,"19:03:59","19:05:31","Long Call","low","0:01:32","19","20180312_19","S17_20180312",2021-02-03 19:03:59,2021-02-03 19:05:31,-40357,"No",0
"3022","S17",20180312,"7:52:54","7:54:22","Short Call","low","0:01:28","07","20180312_07","S17_20180312",2021-02-03 07:52:54,2021-02-03 07:54:22,5592,"No",0
"3032","S17",20180312,"9:27:34","9:28:18","Long Call","low","0:00:44","09","20180312_09","S17_20180312",2021-02-03 09:27:34,2021-02-03 09:28:18,200,"No",0
"3042","S17",20180312,"9:31:38","9:31:49","Short Call","low","0:00:11","09","20180312_09","S17_20180312",2021-02-03 09:31:38,2021-02-03 09:31:49,1697,"No",0
"3051","S17",20180312,"10:00:06","10:01:31","Short Call","high","0:01:25","10","20180312_10","S17_20180312",2021-02-03 10:00:06,2021-02-03 10:01:31,259,"No",0
"3061","S17",20180312,"10:05:50","10:07:13","Short Call","high","0:01:23","10","20180312_10","S17_20180312",2021-02-03 10:05:50,2021-02-03 10:07:13,1655,"No",0
"3071","S17",20180312,"10:34:48","10:36:01","Short Call","high","0:01:13","10","20180312_10","S17_20180312",2021-02-03 10:34:48,2021-02-03 10:36:01,3762,"No",0
"3081","S17",20180312,"11:38:43","11:39:49","Short Call","high","0:01:06","11","20180312_11","S17_20180312",2021-02-03 11:38:43,2021-02-03 11:39:49,1582,"No",0
"3091","S17",20180312,"12:06:11","12:07:49","Short Call","high","0:01:38","12","20180312_12","S17_20180312",2021-02-03 12:06:11,2021-02-03 12:07:49,697,"No",0
"3107","S17",20180312,"12:19:26","12:20:08","Short Call","high","0:00:42","12","20180312_12","S17_20180312",2021-02-03 12:19:26,2021-02-03 12:20:08,3449,"No",0
"3116","S17",20180312,"13:17:37","13:18:35","Short Call","high","0:00:58","13","20180312_13","S17_20180312",2021-02-03 13:17:37,2021-02-03 13:18:35,494,"No",0
"3121","S17",20180312,"13:26:49","13:27:33","Short Call","high","0:00:44","13","20180312_13","S17_20180312",2021-02-03 13:26:49,2021-02-03 13:27:33,19580,"No",0
"3131","S17",20180312,"18:53:53","18:54:50","Long Call","high","0:00:57","18","20180312_18","S17_20180312",2021-02-03 18:53:53,2021-02-03 18:54:50,NA,"No",0
"3017","S17",20180313,"7:51:57","7:53:19","Long Call","med","0:01:22","07","20180313_07","S17_20180313",2021-02-03 07:51:57,2021-02-03 07:53:19,3362,"No",0
"3141","S17",20180313,"8:49:21","8:50:15","Short Call","med","0:00:54","08","20180313_08","S17_20180313",2021-02-03 08:49:21,2021-02-03 08:50:15,314,"No",0
"3151","S17",20180313,"8:55:29","8:56:31","Short Call","med","0:01:02","08","20180313_08","S17_20180313",2021-02-03 08:55:29,2021-02-03 08:56:31,502,"No",0
"3161","S17",20180313,"9:04:53","9:06:10","Short Call","med","0:01:17","09","20180313_09","S17_20180313",2021-02-03 09:04:53,2021-02-03 09:06:10,8289,"No",0
"3171","S17",20180313,"11:24:19","11:24:33","Short Call","high","0:00:14","11","20180313_11","S17_20180313",2021-02-03 11:24:19,2021-02-03 11:24:33,1098,"No",0
"3181","S17",20180313,"11:42:51","11:44:29","Short Call","high","0:01:38","11","20180313_11","S17_20180313",2021-02-03 11:42:51,2021-02-03 11:44:29,699,"No",0
"3191","S17",20180313,"11:56:08","11:57:19","Short Call","high","0:01:11","11","20180313_11","S17_20180313",2021-02-03 11:56:08,2021-02-03 11:57:19,889,"No",0
"3201","S17",20180313,"12:12:08","12:13:08","Long Call","med","0:01:00","12","20180313_12","S17_20180313",2021-02-03 12:12:08,2021-02-03 12:13:08,-21,"No",0
"3215","S17",20180313,"12:12:47","12:13:37","Short Call","high","0:00:50","12","20180313_12","S17_20180313",2021-02-03 12:12:47,2021-02-03 12:13:37,132,"No",0
"3221","S17",20180313,"12:15:49","12:16:15","Short Call","high","0:00:26","12","20180313_12","S17_20180313",2021-02-03 12:15:49,2021-02-03 12:16:15,NA,"No",0
"3231","S17",20180314,"4:02:32","4:04:49","Long Call","low","0:02:17","04","20180314_04","S17_20180314",2021-02-03 04:02:32,2021-02-03 04:04:49,29862,"No",0
"3241","S17",20180314,"12:22:31","12:22:47","Short Call","high","0:00:16","12","20180314_12","S17_20180314",2021-02-03 12:22:31,2021-02-03 12:22:47,9210,"No",0
"3251","S17",20180314,"14:56:17","14:58:06","Long Call","low","0:01:49","14","20180314_14","S17_20180314",2021-02-03 14:56:17,2021-02-03 14:58:06,NA,"No",0
"3261","S17",20180315,"3:51:25","3:53:42","Long Call","low","0:02:17","03","20180315_03","S17_20180315",2021-02-03 03:51:25,2021-02-03 03:53:42,-9,"No",0
"3271","S17",20180315,"3:53:33","3:55:04","Long Call","high","0:01:31","03","20180315_03","S17_20180315",2021-02-03 03:53:33,2021-02-03 03:55:04,NA,"No",0
"3281","S17",20180316,"5:12:12","5:13:22","Long Call","med","0:01:10","05","20180316_05","S17_20180316",2021-02-03 05:12:12,2021-02-03 05:13:22,24,"No",0
"3291","S17",20180316,"5:13:46","5:15:19","Long Call","high","0:01:33","05","20180316_05","S17_20180316",2021-02-03 05:13:46,2021-02-03 05:15:19,34764,"No",0
"3301","S17",20180316,"14:54:43","14:56:07","Long Call","med","0:01:24","14","20180316_14","S17_20180316",2021-02-03 14:54:43,2021-02-03 14:56:07,NA,"No",0
"3316","S17",20180317,"7:46:52","7:47:48","Long Call","low","0:00:56","07","20180317_07","S17_20180317",2021-02-03 07:46:52,2021-02-03 07:47:48,480,"No",0
"3321","S17",20180317,"7:55:48","7:55:49","Short Call","high","0:00:01","07","20180317_07","S17_20180317",2021-02-03 07:55:48,2021-02-03 07:55:49,22220,"No",0
"3331","S17",20180317,"14:06:09","14:07:13","Long Call","high","0:01:04","14","20180317_14","S17_20180317",2021-02-03 14:06:09,2021-02-03 14:07:13,17703,"No",0
"3341","S17",20180317,"19:02:16","19:03:21","Long Call","med","0:01:05","19","20180317_19","S17_20180317",2021-02-03 19:02:16,2021-02-03 19:03:21,NA,"No",0
"3351","S17",20180318,"8:27:34","8:27:44","Short Call","high","0:00:10","08","20180318_08","S17_20180318",2021-02-03 08:27:34,2021-02-03 08:27:44,775,"No",0
"3361","S17",20180318,"8:40:39","8:41:08","Short Call","high","0:00:29","08","20180318_08","S17_20180318",2021-02-03 08:40:39,2021-02-03 08:41:08,545,"No",0
"3371","S17",20180318,"8:50:13","8:51:17","Short Call","high","0:01:04","08","20180318_08","S17_20180318",2021-02-03 08:50:13,2021-02-03 08:51:17,262,"No",0
"3381","S17",20180318,"8:55:39","8:56:45","Long Call","low","0:01:06","08","20180318_08","S17_20180318",2021-02-03 08:55:39,2021-02-03 08:56:45,0,"Yes",1
"3391","S17",20180318,"8:56:45","8:58:01","Short Call","high","0:01:16","08","20180318_08","S17_20180318",2021-02-03 08:56:45,2021-02-03 08:58:01,2547,"No",0
"3401","S17",20180318,"9:40:28","9:40:57","Short Call","high","0:00:29","09","20180318_09","S17_20180318",2021-02-03 09:40:28,2021-02-03 09:40:57,5002,"No",0
"3416","S17",20180318,"11:04:19","11:05:22","Short Call","high","0:01:03","11","20180318_11","S17_20180318",2021-02-03 11:04:19,2021-02-03 11:05:22,1129,"No",0
"3421","S17",20180318,"11:24:11","11:25:42","Short Call","high","0:01:31","11","20180318_11","S17_20180318",2021-02-03 11:24:11,2021-02-03 11:25:42,2710,"No",0
"3431","S17",20180318,"12:10:52","12:11:48","Short Call","high","0:00:56","12","20180318_12","S17_20180318",2021-02-03 12:10:52,2021-02-03 12:11:48,265,"No",0
"3441","S17",20180318,"12:16:13","12:17:10","Short Call","high","0:00:57","12","20180318_12","S17_20180318",2021-02-03 12:16:13,2021-02-03 12:17:10,607,"No",0
"3451","S17",20180318,"12:27:17","12:28:05","Short Call","high","0:00:48","12","20180318_12","S17_20180318",2021-02-03 12:27:17,2021-02-03 12:28:05,309,"No",0
"3461","S17",20180318,"12:33:14","12:33:40","Short Call","high","0:00:26","12","20180318_12","S17_20180318",2021-02-03 12:33:14,2021-02-03 12:33:40,1143,"No",0
"3471","S17",20180318,"12:52:43","12:53:17","Short Call","high","0:00:34","12","20180318_12","S17_20180318",2021-02-03 12:52:43,2021-02-03 12:53:17,NA,"No",0
"3481","S17",20180319,"6:55:54","6:57:20","Long Call","med","0:01:26","06","20180319_06","S17_20180319",2021-02-03 06:55:54,2021-02-03 06:57:20,0,"Yes",1
"3491","S17",20180320,"6:59:23","7:00:52","Long Call","med","0:01:29","06","20180320_06","S17_20180320",2021-02-03 06:59:23,2021-02-03 07:00:52,5752,"No",0
"3501","S17",20180320,"8:36:44","8:38:09","Long Call","med","0:01:25","08","20180320_08","S17_20180320",2021-02-03 08:36:44,2021-02-03 08:38:09,NA,"No",0
"3516","S17",20180321,"2:08:55","2:10:34","Long Call","low","0:01:39","02","20180321_02","S17_20180321",2021-02-03 02:08:55,2021-02-03 02:10:34,51,"No",0
"3521","S17",20180321,"2:11:25","2:12:27","Long Call","low","0:01:02","02","20180321_02","S17_20180321",2021-02-03 02:11:25,2021-02-03 02:12:27,21056,"No",0
"3531","S17",20180321,"8:03:23","8:04:32","Long Call","low","0:01:09","08","20180321_08","S17_20180321",2021-02-03 08:03:23,2021-02-03 08:04:32,178,"No",0
"3541","S17",20180321,"8:07:30","8:08:51","Long Call","high","0:01:21","08","20180321_08","S17_20180321",2021-02-03 08:07:30,2021-02-03 08:08:51,NA,"No",0
"3551","S17",20180322,"4:25:39","4:26:49","Long Call","med","0:01:10","04","20180322_04","S17_20180322",2021-02-03 04:25:39,2021-02-03 04:26:49,13540,"No",0
"3561","S17",20180322,"8:12:29","8:13:21","Long Call","med","0:00:52","08","20180322_08","S17_20180322",2021-02-03 08:12:29,2021-02-03 08:13:21,252,"No",0
"3571","S17",20180322,"8:17:33","8:17:41","Short Call","high","0:00:08","08","20180322_08","S17_20180322",2021-02-03 08:17:33,2021-02-03 08:17:41,5108,"No",0
"3581","S17",20180322,"9:42:49","9:44:17","Long Call","high","0:01:28","09","20180322_09","S17_20180322",2021-02-03 09:42:49,2021-02-03 09:44:17,NA,"No",0
"3591","S17",20180323,"11:42:04","11:43:16","Long Call","high","0:01:12","11","20180323_11","S17_20180323",2021-02-03 11:42:04,2021-02-03 11:43:16,0,"Yes",1
"3616","S17",20180324,"12:45:23","12:46:27","Long Call","high","0:01:04","12","20180324_12","S17_20180324",2021-02-03 12:45:23,2021-02-03 12:46:27,7013,"No",0
"3621","S17",20180324,"14:43:20","14:44:45","Long Call","high","0:01:25","14","20180324_14","S17_20180324",2021-02-03 14:43:20,2021-02-03 14:44:45,NA,"No",0
"3631","S17",20180325,"6:44:16","6:44:29","Long Call","high","0:00:13","06","20180325_06","S17_20180325",2021-02-03 06:44:16,2021-02-03 06:44:29,0,"Yes",1
"3651","S17",20180326,"8:26:47","8:27:46","Long Call","high","0:00:59","08","20180326_08","S17_20180326",2021-02-03 08:26:47,2021-02-03 08:27:46,975,"No",0
"3661","S17",20180326,"8:44:01","8:44:56","Long Call","high","0:00:55","08","20180326_08","S17_20180326",2021-02-03 08:44:01,2021-02-03 08:44:56,NA,"No",0
"3671","S17",20180327,"7:19:07","7:20:20","Long Call","med","0:01:13","07","20180327_07","S17_20180327",2021-02-03 07:19:07,2021-02-03 07:20:20,3863,"No",0
"3681","S17",20180327,"8:24:43","8:25:51","Long Call","med","0:01:08","08","20180327_08","S17_20180327",2021-02-03 08:24:43,2021-02-03 08:25:51,3548,"No",0
"3691","S17",20180327,"9:24:59","9:25:55","Long Call","med","0:00:56","09","20180327_09","S17_20180327",2021-02-03 09:24:59,2021-02-03 09:25:55,1387,"No",0
"3701","S17",20180327,"9:49:02","9:49:55","Short Call","med","0:00:53","09","20180327_09","S17_20180327",2021-02-03 09:49:02,2021-02-03 09:49:55,21341,"No",0
"3715","S17",20180327,"15:45:36","15:46:42","Long Call","med","0:01:06","15","20180327_15","S17_20180327",2021-02-03 15:45:36,2021-02-03 15:46:42,NA,"No",0
"3721","S17",20180328,"8:44:17","8:47:36","Long Call","med","0:03:19","08","20180328_08","S17_20180328",2021-02-03 08:44:17,2021-02-03 08:47:36,3972,"No",0
"3731","S17",20180328,"9:53:48","9:54:52","Long Call","med","0:01:04","09","20180328_09","S17_20180328",2021-02-03 09:53:48,2021-02-03 09:54:52,NA,"No",0
"3741","S17",20180329,"3:59:14","3:59:23","Short Call","high","0:00:09","03","20180329_03","S17_20180329",2021-02-03 03:59:14,2021-02-03 03:59:23,12444,"No",0
"3751","S17",20180329,"7:26:47","7:26:55","Short Call","high","0:00:08","07","20180329_07","S17_20180329",2021-02-03 07:26:47,2021-02-03 07:26:55,NA,"No",0
"3761","S17",20180330,"8:53:15","8:54:38","Long Call","high","0:01:23","08","20180330_08","S17_20180330",2021-02-03 08:53:15,2021-02-03 08:54:38,6722,"No",0
"3771","S17",20180330,"10:46:40","10:47:39","Long Call","med","0:00:59","10","20180330_10","S17_20180330",2021-02-03 10:46:40,2021-02-03 10:47:39,6686,"No",0
"3781","S17",20180330,"12:39:05","12:40:17","Long Call","med","0:01:12","12","20180330_12","S17_20180330",2021-02-03 12:39:05,2021-02-03 12:40:17,NA,"No",0
"3791","S17",20180403,"6:43:17","6:44:39","Long Call","med","0:01:22","06","20180403_06","S17_20180403",2021-02-03 06:43:17,2021-02-03 06:44:39,12193,"No",0
"3801","S17",20180403,"10:07:52","10:09:14","Long Call","high","0:01:22","10","20180403_10","S17_20180403",2021-02-03 10:07:52,2021-02-03 10:09:14,5509,"No",0
"3816","S17",20180403,"11:41:03","11:42:18","Long Call","med","0:01:15","11","20180403_11","S17_20180403",2021-02-03 11:41:03,2021-02-03 11:42:18,4059,"No",0
"3821","S17",20180403,"12:49:57","12:51:03","Long Call","med","0:01:06","12","20180403_12","S17_20180403",2021-02-03 12:49:57,2021-02-03 12:51:03,54,"No",0
"3831","S17",20180403,"12:51:57","12:52:56","Long Call","med","0:00:59","12","20180403_12","S17_20180403",2021-02-03 12:51:57,2021-02-03 12:52:56,8120,"No",0
"3841","S17",20180403,"15:08:16","15:09:51","Long Call","high","0:01:35","15","20180403_15","S17_20180403",2021-02-03 15:08:16,2021-02-03 15:09:51,13856,"No",0
"3851","S17",20180403,"19:00:47","19:01:56","Long Call","low","0:01:09","19","20180403_19","S17_20180403",2021-02-03 19:00:47,2021-02-03 19:01:56,19,"No",0
"3861","S17",20180403,"19:02:15","19:03:41","Long Call","high","0:01:26","19","20180403_19","S17_20180403",2021-02-03 19:02:15,2021-02-03 19:03:41,NA,"No",0
"3871","S17",20180404,"8:41:04","8:42:33","Long Call","med","0:01:29","08","20180404_08","S17_20180404",2021-02-03 08:41:04,2021-02-03 08:42:33,9478,"No",0
"3881","S17",20180404,"11:20:31","11:21:43","Long Call","med","0:01:12","11","20180404_11","S17_20180404",2021-02-03 11:20:31,2021-02-03 11:21:43,12828,"No",0
"3891","S17",20180404,"14:55:31","14:55:51","Long Call","med","0:00:20","14","20180404_14","S17_20180404",2021-02-03 14:55:31,2021-02-03 14:55:51,14978,"No",0
"3901","S17",20180404,"19:05:29","19:06:55","Long Call","med","0:01:26","19","20180404_19","S17_20180404",2021-02-03 19:05:29,2021-02-03 19:06:55,64,"No",0
"3916","S17",20180404,"19:07:59","19:09:08","Long Call","med","0:01:09","19","20180404_19","S17_20180404",2021-02-03 19:07:59,2021-02-03 19:09:08,NA,"No",0
"3921","S17",20180405,"7:04:43","7:05:51","Long Call","med","0:01:08","07","20180405_07","S17_20180405",2021-02-03 07:04:43,2021-02-03 07:05:51,36,"No",0
"3931","S17",20180405,"7:06:27","7:07:45","Long Call","med","0:01:18","07","20180405_07","S17_20180405",2021-02-03 07:06:27,2021-02-03 07:07:45,NA,"No",0
"3941","S17",20180406,"7:25:30","7:26:49","Long Call","high","0:01:19","07","20180406_07","S17_20180406",2021-02-03 07:25:30,2021-02-03 07:26:49,15414,"No",0
"3951","S17",20180406,"11:43:43","11:45:29","Long Call","med","0:01:46","11","20180406_11","S17_20180406",2021-02-03 11:43:43,2021-02-03 11:45:29,141,"No",0
"3961","S17",20180406,"11:47:50","11:49:10","Long Call","low","0:01:20","11","20180406_11","S17_20180406",2021-02-03 11:47:50,2021-02-03 11:49:10,3099,"No",0
"3971","S17",20180406,"12:40:49","12:42:11","Long Call","high","0:01:22","12","20180406_12","S17_20180406",2021-02-03 12:40:49,2021-02-03 12:42:11,NA,"No",0
"3991","S17",20180407,"7:32:15","7:33:22","Long Call","med","0:01:07","07","20180407_07","S17_20180407",2021-02-03 07:32:15,2021-02-03 07:33:22,3852,"No",0
"4001","S17",20180407,"8:37:34","8:41:02","Long Call","high","0:03:28","08","20180407_08","S17_20180407",2021-02-03 08:37:34,2021-02-03 08:41:02,2609,"No",0
"4016","S17",20180407,"9:24:31","9:25:56","Long Call","high","0:01:25","09","20180407_09","S17_20180407",2021-02-03 09:24:31,2021-02-03 09:25:56,34992,"No",0
"4021","S17",20180407,"19:09:08","19:10:32","Long Call","high","0:01:24","19","20180407_19","S17_20180407",2021-02-03 19:09:08,2021-02-03 19:10:32,NA,"No",0
"4031","S17",20180408,"3:53:35","3:55:23","Long Call","high","0:01:48","03","20180408_03","S17_20180408",2021-02-03 03:53:35,2021-02-03 03:55:23,-106,"No",0
"4041","S17",20180408,"3:53:37","3:55:22","Long Call","high","0:01:45","03","20180408_03","S17_20180408",2021-02-03 03:53:37,2021-02-03 03:55:22,13428,"No",0
"4051","S17",20180408,"7:39:10","7:40:42","Long Call","high","0:01:32","07","20180408_07","S17_20180408",2021-02-03 07:39:10,2021-02-03 07:40:42,699,"No",0
"4061","S17",20180408,"7:52:21","7:53:19","Long Call","high","0:00:58","07","20180408_07","S17_20180408",2021-02-03 07:52:21,2021-02-03 07:53:19,2833,"No",0
"4071","S17",20180408,"8:40:32","8:41:55","Long Call","high","0:01:23","08","20180408_08","S17_20180408",2021-02-03 08:40:32,2021-02-03 08:41:55,NA,"No",0
"1120","S18",20180213,"8:00:34","8:01:45","Long Call","low","0:01:11","08","20180213_08","S18_20180213",2021-02-03 08:00:34,2021-02-03 08:01:45,123,"No",0
"2109","S18",20180213,"8:03:48","8:04:00","Short Call","high","0:00:12","08","20180213_08","S18_20180213",2021-02-03 08:03:48,2021-02-03 08:04:00,948,"No",0
"3108","S18",20180213,"8:19:48","8:20:48","Short Call","med","0:01:00","08","20180213_08","S18_20180213",2021-02-03 08:19:48,2021-02-03 08:20:48,170,"No",0
"4107","S18",20180213,"8:23:38","8:24:59","Long Call","low","0:01:21","08","20180213_08","S18_20180213",2021-02-03 08:23:38,2021-02-03 08:24:59,61,"No",0
"5104","S18",20180213,"8:26:00","8:26:59","Short Call","low","0:00:59","08","20180213_08","S18_20180213",2021-02-03 08:26:00,2021-02-03 08:26:59,14745,"No",0
"696","S18",20180213,"12:32:44","12:33:24","Short Call","low","0:00:40","12","20180213_12","S18_20180213",2021-02-03 12:32:44,2021-02-03 12:33:24,NA,"No",0
"720","S18",20180214,"4:38:21","4:39:55","Long Call","low","0:01:34","04","20180214_04","S18_20180214",2021-02-03 04:38:21,2021-02-03 04:39:55,156,"No",0
"820","S18",20180214,"4:42:31","4:43:40","Long Call","low","0:01:09","04","20180214_04","S18_20180214",2021-02-03 04:42:31,2021-02-03 04:43:40,27,"No",0
"920","S18",20180214,"4:44:07","4:45:37","Long Call","high","0:01:30","04","20180214_04","S18_20180214",2021-02-03 04:44:07,2021-02-03 04:45:37,634,"No",0
"1020","S18",20180214,"4:56:11","4:57:53","Long Call","high","0:01:42","04","20180214_04","S18_20180214",2021-02-03 04:56:11,2021-02-03 04:57:53,11144,"No",0
"1123","S18",20180214,"8:03:37","8:05:27","Short Call","med","0:01:50","08","20180214_08","S18_20180214",2021-02-03 08:03:37,2021-02-03 08:05:27,1100,"No",0
"1219","S18",20180214,"8:23:47","8:24:54","Long Call","low","0:01:07","08","20180214_08","S18_20180214",2021-02-03 08:23:47,2021-02-03 08:24:54,443,"No",0
"1319","S18",20180214,"8:32:17","8:32:53","Short Call","med","0:00:36","08","20180214_08","S18_20180214",2021-02-03 08:32:17,2021-02-03 08:32:53,164,"No",0
"1418","S18",20180214,"8:35:37","8:36:45","Long Call","low","0:01:08","08","20180214_08","S18_20180214",2021-02-03 08:35:37,2021-02-03 08:36:45,-21,"No",0
"1518","S18",20180214,"8:36:24","8:37:42","Short Call","high","0:01:18","08","20180214_08","S18_20180214",2021-02-03 08:36:24,2021-02-03 08:37:42,127,"No",0
"1618","S18",20180214,"8:39:49","8:39:59","Short Call","low","0:00:10","08","20180214_08","S18_20180214",2021-02-03 08:39:49,2021-02-03 08:39:59,106,"No",0
"1718","S18",20180214,"8:41:45","8:42:46","Short Call","med","0:01:01","08","20180214_08","S18_20180214",2021-02-03 08:41:45,2021-02-03 08:42:46,371,"No",0
"1818","S18",20180214,"8:48:57","8:50:19","Long Call","low","0:01:22","08","20180214_08","S18_20180214",2021-02-03 08:48:57,2021-02-03 08:50:19,-10,"No",0
"1918","S18",20180214,"8:50:09","8:51:09","Short Call","med","0:01:00","08","20180214_08","S18_20180214",2021-02-03 08:50:09,2021-02-03 08:51:09,187,"No",0
"2018","S18",20180214,"8:54:16","8:54:29","Short Call","med","0:00:13","08","20180214_08","S18_20180214",2021-02-03 08:54:16,2021-02-03 08:54:29,2,"No",0
"2118","S18",20180214,"8:54:31","8:55:55","Long Call","low","0:01:24","08","20180214_08","S18_20180214",2021-02-03 08:54:31,2021-02-03 08:55:55,61,"No",0
"2218","S18",20180214,"8:56:56","8:57:19","Short Call","med","0:00:23","08","20180214_08","S18_20180214",2021-02-03 08:56:56,2021-02-03 08:57:19,339,"No",0
"2317","S18",20180214,"9:02:58","9:04:35","Short Call","med","0:01:37","09","20180214_09","S18_20180214",2021-02-03 09:02:58,2021-02-03 09:04:35,371,"No",0
"2418","S18",20180214,"9:10:46","9:11:39","Short Call","med","0:00:53","09","20180214_09","S18_20180214",2021-02-03 09:10:46,2021-02-03 09:11:39,35789,"No",0
"2517","S18",20180214,"19:08:08","19:08:20","Short Call","low","0:00:12","19","20180214_19","S18_20180214",2021-02-03 19:08:08,2021-02-03 19:08:20,55,"No",0
"2617","S18",20180214,"19:09:15","19:10:23","Long Call","low","0:01:08","19","20180214_19","S18_20180214",2021-02-03 19:09:15,2021-02-03 19:10:23,457,"No",0
"2718","S18",20180214,"19:18:00","19:19:24","Long Call","med","0:01:24","19","20180214_19","S18_20180214",2021-02-03 19:18:00,2021-02-03 19:19:24,NA,"No",0
"2816","S18",20180215,"8:00:47","8:00:57","Short Call","med","0:00:10","08","20180215_08","S18_20180215",2021-02-03 08:00:47,2021-02-03 08:00:57,2972,"No",0
"2918","S18",20180215,"8:50:29","8:51:49","Short Call","med","0:01:20","08","20180215_08","S18_20180215",2021-02-03 08:50:29,2021-02-03 08:51:49,152,"No",0
"3018","S18",20180215,"8:54:21","8:55:03","Short Call","low","0:00:42","08","20180215_08","S18_20180215",2021-02-03 08:54:21,2021-02-03 08:55:03,150,"No",0
"3117","S18",20180215,"8:57:33","8:58:59","Long Call","med","0:01:26","08","20180215_08","S18_20180215",2021-02-03 08:57:33,2021-02-03 08:58:59,304,"No",0
"3216","S18",20180215,"9:04:03","9:04:27","Short Call","med","0:00:24","09","20180215_09","S18_20180215",2021-02-03 09:04:03,2021-02-03 09:04:27,3051,"No",0
"3317","S18",20180215,"9:55:18","9:56:43","Long Call","high","0:01:25","09","20180215_09","S18_20180215",2021-02-03 09:55:18,2021-02-03 09:56:43,-32,"No",0
"3417","S18",20180215,"9:56:11","9:57:19","Short Call","high","0:01:08","09","20180215_09","S18_20180215",2021-02-03 09:56:11,2021-02-03 09:57:19,33844,"No",0
"3517","S18",20180215,"19:21:23","19:22:54","Long Call","low","0:01:31","19","20180215_19","S18_20180215",2021-02-03 19:21:23,2021-02-03 19:22:54,19,"No",0
"3617","S18",20180215,"19:23:13","19:25:50","Long Call","med","0:02:37","19","20180215_19","S18_20180215",2021-02-03 19:23:13,2021-02-03 19:25:50,NA,"No",0
"3716","S18",20180216,"3:34:57","3:36:23","Long Call","med","0:01:26","03","20180216_03","S18_20180216",2021-02-03 03:34:57,2021-02-03 03:36:23,44,"No",0
"3817","S18",20180216,"3:37:07","3:38:37","Long Call","med","0:01:30","03","20180216_03","S18_20180216",2021-02-03 03:37:07,2021-02-03 03:38:37,1,"No",0
"3917","S18",20180216,"3:38:38","3:40:03","Long Call","low","0:01:25","03","20180216_03","S18_20180216",2021-02-03 03:38:38,2021-02-03 03:40:03,11613,"No",0
"4017","S18",20180216,"6:53:36","6:54:49","Long Call","low","0:01:13","06","20180216_06","S18_20180216",2021-02-03 06:53:36,2021-02-03 06:54:49,1363,"No",0
"4116","S18",20180216,"7:17:32","7:18:40","Long Call","high","0:01:08","07","20180216_07","S18_20180216",2021-02-03 07:17:32,2021-02-03 07:18:40,4683,"No",0
"4216","S18",20180216,"8:36:43","8:37:56","Short Call","med","0:01:13","08","20180216_08","S18_20180216",2021-02-03 08:36:43,2021-02-03 08:37:56,827,"No",0
"4316","S18",20180216,"8:51:43","8:53:23","Short Call","med","0:01:40","08","20180216_08","S18_20180216",2021-02-03 08:51:43,2021-02-03 08:53:23,152,"No",0
"4416","S18",20180216,"8:55:55","8:56:27","Short Call","med","0:00:32","08","20180216_08","S18_20180216",2021-02-03 08:55:55,2021-02-03 08:56:27,383,"No",0
"4516","S18",20180216,"9:02:50","9:03:23","Short Call","med","0:00:33","09","20180216_09","S18_20180216",2021-02-03 09:02:50,2021-02-03 09:03:23,1828,"No",0
"4616","S18",20180216,"9:33:51","9:35:02","Short Call","low","0:01:11","09","20180216_09","S18_20180216",2021-02-03 09:33:51,2021-02-03 09:35:02,519,"No",0
"4716","S18",20180216,"9:43:41","9:44:31","Short Call","low","0:00:50","09","20180216_09","S18_20180216",2021-02-03 09:43:41,2021-02-03 09:44:31,1294,"No",0
"4816","S18",20180216,"10:06:05","10:07:06","Short Call","low","0:01:01","10","20180216_10","S18_20180216",2021-02-03 10:06:05,2021-02-03 10:07:06,8,"No",0
"4916","S18",20180216,"10:07:14","10:09:27","Short Call","med","0:02:13","10","20180216_10","S18_20180216",2021-02-03 10:07:14,2021-02-03 10:09:27,-108,"No",0
"5015","S18",20180216,"10:07:39","10:08:48","Long Call","low","0:01:09","10","20180216_10","S18_20180216",2021-02-03 10:07:39,2021-02-03 10:08:48,161,"No",0
"5115","S18",20180216,"10:11:29","10:12:29","Short Call","med","0:01:00","10","20180216_10","S18_20180216",2021-02-03 10:11:29,2021-02-03 10:12:29,393,"No",0
"5215","S18",20180216,"10:19:02","10:19:26","Short Call","med","0:00:24","10","20180216_10","S18_20180216",2021-02-03 10:19:02,2021-02-03 10:19:26,591,"No",0
"5315","S18",20180216,"10:29:17","10:29:49","Short Call","med","0:00:32","10","20180216_10","S18_20180216",2021-02-03 10:29:17,2021-02-03 10:29:49,NA,"No",0
"5415","S18",20180217,"4:42:53","4:44:27","Long Call","high","0:01:34","04","20180217_04","S18_20180217",2021-02-03 04:42:53,2021-02-03 04:44:27,16,"No",0
"5515","S18",20180217,"4:44:43","4:45:47","Long Call","high","0:01:04","04","20180217_04","S18_20180217",2021-02-03 04:44:43,2021-02-03 04:45:47,11075,"No",0
"5614","S18",20180217,"7:50:22","7:50:53","Short Call","low","0:00:31","07","20180217_07","S18_20180217",2021-02-03 07:50:22,2021-02-03 07:50:53,145,"No",0
"5714","S18",20180217,"7:53:18","7:54:27","Long Call","low","0:01:09","07","20180217_07","S18_20180217",2021-02-03 07:53:18,2021-02-03 07:54:27,5,"No",0
"5814","S18",20180217,"7:54:32","7:55:22","Short Call","med","0:00:50","07","20180217_07","S18_20180217",2021-02-03 07:54:32,2021-02-03 07:55:22,65,"No",0
"5913","S18",20180217,"7:56:27","7:57:15","Short Call","low","0:00:48","07","20180217_07","S18_20180217",2021-02-03 07:56:27,2021-02-03 07:57:15,3,"No",0
"6010","S18",20180217,"7:57:18","7:58:34","Long Call","low","0:01:16","07","20180217_07","S18_20180217",2021-02-03 07:57:18,2021-02-03 07:58:34,2075,"No",0
"6114","S18",20180217,"8:33:09","8:34:11","Short Call","med","0:01:02","08","20180217_08","S18_20180217",2021-02-03 08:33:09,2021-02-03 08:34:11,399,"No",0
"6214","S18",20180217,"8:40:50","8:41:20","Short Call","med","0:00:30","08","20180217_08","S18_20180217",2021-02-03 08:40:50,2021-02-03 08:41:20,275,"No",0
"6314","S18",20180217,"8:45:55","8:46:53","Short Call","low","0:00:58","08","20180217_08","S18_20180217",2021-02-03 08:45:55,2021-02-03 08:46:53,17155,"No",0
"6414","S18",20180217,"13:32:48","13:34:11","Long Call","low","0:01:23","13","20180217_13","S18_20180217",2021-02-03 13:32:48,2021-02-03 13:34:11,20152,"No",0
"6514","S18",20180217,"19:10:03","19:11:34","Long Call","high","0:01:31","19","20180217_19","S18_20180217",2021-02-03 19:10:03,2021-02-03 19:11:34,NA,"No",0
"6614","S18",20180218,"4:51:36","4:53:09","Long Call","high","0:01:33","04","20180218_04","S18_20180218",2021-02-03 04:51:36,2021-02-03 04:53:09,11427,"No",0
"6714","S18",20180218,"8:03:36","8:03:49","Short Call","high","0:00:13","08","20180218_08","S18_20180218",2021-02-03 08:03:36,2021-02-03 08:03:49,62,"No",0
"6812","S18",20180218,"8:04:51","8:06:05","Long Call","low","0:01:14","08","20180218_08","S18_20180218",2021-02-03 08:04:51,2021-02-03 08:06:05,2283,"No",0
"697","S18",20180218,"8:44:08","8:45:25","Short Call","high","0:01:17","08","20180218_08","S18_20180218",2021-02-03 08:44:08,2021-02-03 08:45:25,212,"No",0
"705","S18",20180218,"8:48:57","8:49:31","Short Call","high","0:00:34","08","20180218_08","S18_20180218",2021-02-03 08:48:57,2021-02-03 08:49:31,407,"No",0
"7111","S18",20180218,"8:56:18","8:56:51","Long Call","low","0:00:33","08","20180218_08","S18_20180218",2021-02-03 08:56:18,2021-02-03 08:56:51,6,"No",0
"725","S18",20180218,"8:56:57","8:58:02","Short Call","low","0:01:05","08","20180218_08","S18_20180218",2021-02-03 08:56:57,2021-02-03 08:58:02,169,"No",0
"735","S18",20180218,"9:00:51","9:02:14","Short Call","high","0:01:23","09","20180218_09","S18_20180218",2021-02-03 09:00:51,2021-02-03 09:02:14,1528,"No",0
"745","S18",20180218,"9:27:42","9:28:12","Short Call","high","0:00:30","09","20180218_09","S18_20180218",2021-02-03 09:27:42,2021-02-03 09:28:12,297,"No",0
"755","S18",20180218,"9:33:09","9:34:05","Short Call","high","0:00:56","09","20180218_09","S18_20180218",2021-02-03 09:33:09,2021-02-03 09:34:05,1115,"No",0
"765","S18",20180218,"9:52:40","9:53:30","Short Call","low","0:00:50","09","20180218_09","S18_20180218",2021-02-03 09:52:40,2021-02-03 09:53:30,121,"No",0
"775","S18",20180218,"9:55:31","9:56:24","Short Call","high","0:00:53","09","20180218_09","S18_20180218",2021-02-03 09:55:31,2021-02-03 09:56:24,459,"No",0
"785","S18",20180218,"10:04:03","10:05:08","Short Call","high","0:01:05","10","20180218_10","S18_20180218",2021-02-03 10:04:03,2021-02-03 10:05:08,523,"No",0
"795","S18",20180218,"10:13:51","10:14:32","Short Call","high","0:00:41","10","20180218_10","S18_20180218",2021-02-03 10:13:51,2021-02-03 10:14:32,704,"No",0
"805","S18",20180218,"10:26:16","10:27:04","Short Call","high","0:00:48","10","20180218_10","S18_20180218",2021-02-03 10:26:16,2021-02-03 10:27:04,629,"No",0
"8111","S18",20180218,"10:37:33","10:38:32","Short Call","high","0:00:59","10","20180218_10","S18_20180218",2021-02-03 10:37:33,2021-02-03 10:38:32,749,"No",0
"825","S18",20180218,"10:51:01","10:51:36","Short Call","high","0:00:35","10","20180218_10","S18_20180218",2021-02-03 10:51:01,2021-02-03 10:51:36,7262,"No",0
"835","S18",20180218,"12:52:38","12:53:10","Long Call","low","0:00:32","12","20180218_12","S18_20180218",2021-02-03 12:52:38,2021-02-03 12:53:10,186,"No",0
"845","S18",20180218,"12:56:16","12:57:03","Long Call","med","0:00:47","12","20180218_12","S18_20180218",2021-02-03 12:56:16,2021-02-03 12:57:03,1216,"No",0
"855","S18",20180218,"13:17:19","13:18:21","Long Call","med","0:01:02","13","20180218_13","S18_20180218",2021-02-03 13:17:19,2021-02-03 13:18:21,12286,"No",0
"865","S18",20180218,"16:43:07","16:44:09","Long Call","low","0:01:02","16","20180218_16","S18_20180218",2021-02-03 16:43:07,2021-02-03 16:44:09,8869,"No",0
"875","S18",20180218,"19:11:58","19:13:31","Long Call","high","0:01:33","19","20180218_19","S18_20180218",2021-02-03 19:11:58,2021-02-03 19:13:31,41,"No",0
"885","S18",20180218,"19:14:12","19:15:28","Long Call","high","0:01:16","19","20180218_19","S18_20180218",2021-02-03 19:14:12,2021-02-03 19:15:28,NA,"No",0
"895","S18",20180219,"8:46:20","8:47:36","Short Call","high","0:01:16","08","20180219_08","S18_20180219",2021-02-03 08:46:20,2021-02-03 08:47:36,675,"No",0
"905","S18",20180219,"8:58:51","8:59:56","Short Call","high","0:01:05","08","20180219_08","S18_20180219",2021-02-03 08:58:51,2021-02-03 08:59:56,3604,"No",0
"9111","S18",20180219,"10:00:00","10:00:56","Long Call","high","0:00:56","10","20180219_10","S18_20180219",2021-02-03 10:00:00,2021-02-03 10:00:56,-11,"No",0
"925","S18",20180219,"10:00:45","10:01:42","Short Call","high","0:00:57","10","20180219_10","S18_20180219",2021-02-03 10:00:45,2021-02-03 10:01:42,124,"No",0
"935","S18",20180219,"10:03:46","10:05:10","Short Call","high","0:01:24","10","20180219_10","S18_20180219",2021-02-03 10:03:46,2021-02-03 10:05:10,32487,"No",0
"945","S18",20180219,"19:06:37","19:08:01","Long Call","med","0:01:24","19","20180219_19","S18_20180219",2021-02-03 19:06:37,2021-02-03 19:08:01,9,"No",0
"955","S18",20180219,"19:08:10","19:09:28","Long Call","low","0:01:18","19","20180219_19","S18_20180219",2021-02-03 19:08:10,2021-02-03 19:09:28,132,"No",0
"964","S18",20180219,"19:11:40","19:13:11","Long Call","med","0:01:31","19","20180219_19","S18_20180219",2021-02-03 19:11:40,2021-02-03 19:13:11,493,"No",0
"975","S18",20180219,"19:21:24","19:22:28","Long Call","low","0:01:04","19","20180219_19","S18_20180219",2021-02-03 19:21:24,2021-02-03 19:22:28,NA,"No",0
"985","S18",20180220,"7:27:19","7:28:20","Long Call","low","0:01:01","07","20180220_07","S18_20180220",2021-02-03 07:27:19,2021-02-03 07:28:20,3861,"No",0
"995","S18",20180220,"8:32:41","8:33:39","Long Call","low","0:00:58","08","20180220_08","S18_20180220",2021-02-03 08:32:41,2021-02-03 08:33:39,-3,"Yes",1
"1005","S18",20180220,"8:33:36","8:35:53","Short Call","med","0:02:17","08","20180220_08","S18_20180220",2021-02-03 08:33:36,2021-02-03 08:35:53,643,"No",0
"10111","S18",20180220,"8:46:36","8:47:10","Short Call","med","0:00:34","08","20180220_08","S18_20180220",2021-02-03 08:46:36,2021-02-03 08:47:10,470,"No",0
"1025","S18",20180220,"8:55:00","8:55:37","Short Call","med","0:00:37","08","20180220_08","S18_20180220",2021-02-03 08:55:00,2021-02-03 08:55:37,202,"No",0
"1035","S18",20180220,"8:58:59","8:59:19","Short Call","med","0:00:20","08","20180220_08","S18_20180220",2021-02-03 08:58:59,2021-02-03 08:59:19,747,"No",0
"1045","S18",20180220,"9:11:46","9:12:14","Short Call","med","0:00:28","09","20180220_09","S18_20180220",2021-02-03 09:11:46,2021-02-03 09:12:14,806,"No",0
"1055","S18",20180220,"9:25:40","9:25:57","Short Call","low","0:00:17","09","20180220_09","S18_20180220",2021-02-03 09:25:40,2021-02-03 09:25:57,1300,"No",0
"1065","S18",20180220,"9:47:37","9:48:43","Short Call","high","0:01:06","09","20180220_09","S18_20180220",2021-02-03 09:47:37,2021-02-03 09:48:43,203,"No",0
"1075","S18",20180220,"9:52:06","9:52:33","Short Call","med","0:00:27","09","20180220_09","S18_20180220",2021-02-03 09:52:06,2021-02-03 09:52:33,249,"No",0
"1084","S18",20180220,"9:56:42","9:57:09","Short Call","low","0:00:27","09","20180220_09","S18_20180220",2021-02-03 09:56:42,2021-02-03 09:57:09,730,"No",0
"1094","S18",20180220,"10:09:19","10:09:53","Short Call","low","0:00:34","10","20180220_10","S18_20180220",2021-02-03 10:09:19,2021-02-03 10:09:53,59,"No",0
"11010","S18",20180220,"10:10:52","10:11:33","Short Call","med","0:00:41","10","20180220_10","S18_20180220",2021-02-03 10:10:52,2021-02-03 10:11:33,38,"No",0
"11110","S18",20180220,"10:12:11","10:13:49","Long Call","low","0:01:38","10","20180220_10","S18_20180220",2021-02-03 10:12:11,2021-02-03 10:13:49,119,"No",0
"1124","S18",20180220,"10:15:48","10:16:24","Short Call","med","0:00:36","10","20180220_10","S18_20180220",2021-02-03 10:15:48,2021-02-03 10:16:24,135,"No",0
"1133","S18",20180220,"10:18:39","10:19:36","Short Call","med","0:00:57","10","20180220_10","S18_20180220",2021-02-03 10:18:39,2021-02-03 10:19:36,190,"No",0
"1143","S18",20180220,"10:22:46","10:23:45","Short Call","med","0:00:59","10","20180220_10","S18_20180220",2021-02-03 10:22:46,2021-02-03 10:23:45,352,"No",0
"1153","S18",20180220,"10:29:37","10:30:04","Short Call","low","0:00:27","10","20180220_10","S18_20180220",2021-02-03 10:29:37,2021-02-03 10:30:04,122,"No",0
"1163","S18",20180220,"10:32:06","10:32:57","Short Call","med","0:00:51","10","20180220_10","S18_20180220",2021-02-03 10:32:06,2021-02-03 10:32:57,161,"No",0
"1173","S18",20180220,"10:35:38","10:36:24","Short Call","low","0:00:46","10","20180220_10","S18_20180220",2021-02-03 10:35:38,2021-02-03 10:36:24,173,"No",0
"1183","S18",20180220,"10:39:17","10:39:30","Short Call","med","0:00:13","10","20180220_10","S18_20180220",2021-02-03 10:39:17,2021-02-03 10:39:30,87,"No",0
"1193","S18",20180220,"10:40:57","10:41:34","Short Call","low","0:00:37","10","20180220_10","S18_20180220",2021-02-03 10:40:57,2021-02-03 10:41:34,329,"No",0
"1203","S18",20180220,"10:47:03","10:47:44","Short Call","low","0:00:41","10","20180220_10","S18_20180220",2021-02-03 10:47:03,2021-02-03 10:47:44,53,"No",0
"12110","S18",20180220,"10:48:37","10:49:12","Short Call","med","0:00:35","10","20180220_10","S18_20180220",2021-02-03 10:48:37,2021-02-03 10:49:12,164,"No",0
"1223","S18",20180220,"10:51:56","10:52:34","Short Call","low","0:00:38","10","20180220_10","S18_20180220",2021-02-03 10:51:56,2021-02-03 10:52:34,162,"No",0
"1233","S18",20180220,"10:55:16","10:55:50","Short Call","high","0:00:34","10","20180220_10","S18_20180220",2021-02-03 10:55:16,2021-02-03 10:55:50,786,"No",0
"1243","S18",20180220,"11:08:56","11:09:26","Short Call","med","0:00:30","11","20180220_11","S18_20180220",2021-02-03 11:08:56,2021-02-03 11:09:26,584,"No",0
"1253","S18",20180220,"11:19:10","11:20:31","Short Call","med","0:01:21","11","20180220_11","S18_20180220",2021-02-03 11:19:10,2021-02-03 11:20:31,423,"No",0
"1263","S18",20180220,"11:27:34","11:28:38","Long Call","med","0:01:04","11","20180220_11","S18_20180220",2021-02-03 11:27:34,2021-02-03 11:28:38,59,"No",0
"1273","S18",20180220,"11:29:37","11:31:17","Short Call","med","0:01:40","11","20180220_11","S18_20180220",2021-02-03 11:29:37,2021-02-03 11:31:17,410,"No",0
"1283","S18",20180220,"11:38:07","11:38:29","Short Call","med","0:00:22","11","20180220_11","S18_20180220",2021-02-03 11:38:07,2021-02-03 11:38:29,198,"No",0
"1293","S18",20180220,"11:41:47","11:42:17","Short Call","low","0:00:30","11","20180220_11","S18_20180220",2021-02-03 11:41:47,2021-02-03 11:42:17,186,"No",0
"1303","S18",20180220,"11:45:23","11:45:35","Short Call","med","0:00:12","11","20180220_11","S18_20180220",2021-02-03 11:45:23,2021-02-03 11:45:35,95,"No",0
"13110","S18",20180220,"11:47:10","11:47:34","Short Call","med","0:00:24","11","20180220_11","S18_20180220",2021-02-03 11:47:10,2021-02-03 11:47:34,270,"No",0
"1323","S18",20180220,"11:52:04","11:52:18","Short Call","med","0:00:14","11","20180220_11","S18_20180220",2021-02-03 11:52:04,2021-02-03 11:52:18,1284,"No",0
"1333","S18",20180220,"12:13:42","12:14:41","Short Call","low","0:00:59","12","20180220_12","S18_20180220",2021-02-03 12:13:42,2021-02-03 12:14:41,17010,"No",0
"1343","S18",20180220,"16:58:11","16:58:23","Short Call","high","0:00:12","16","20180220_16","S18_20180220",2021-02-03 16:58:11,2021-02-03 16:58:23,NA,"No",0
"1353","S18",20180221,"4:33:15","4:34:48","Long Call","high","0:01:33","04","20180221_04","S18_20180221",2021-02-03 04:33:15,2021-02-03 04:34:48,27,"No",0
"1363","S18",20180221,"4:35:15","4:36:11","Long Call","high","0:00:56","04","20180221_04","S18_20180221",2021-02-03 04:35:15,2021-02-03 04:36:11,-10,"No",0
"1373","S18",20180221,"4:36:01","4:37:21","Long Call","high","0:01:20","04","20180221_04","S18_20180221",2021-02-03 04:36:01,2021-02-03 04:37:21,5944,"No",0
"1383","S18",20180221,"6:16:25","6:16:37","Short Call","high","0:00:12","06","20180221_06","S18_20180221",2021-02-03 06:16:25,2021-02-03 06:16:37,4533,"No",0
"1393","S18",20180221,"7:32:10","7:33:12","Long Call","med","0:01:02","07","20180221_07","S18_20180221",2021-02-03 07:32:10,2021-02-03 07:33:12,50,"No",0
"1403","S18",20180221,"7:34:02","7:35:24","Long Call","low","0:01:22","07","20180221_07","S18_20180221",2021-02-03 07:34:02,2021-02-03 07:35:24,4029,"No",0
"1419","S18",20180221,"8:42:33","8:45:53","Short Call","med","0:03:20","08","20180221_08","S18_20180221",2021-02-03 08:42:33,2021-02-03 08:45:53,594,"No",0
"1423","S18",20180221,"8:55:47","8:56:05","Short Call","med","0:00:18","08","20180221_08","S18_20180221",2021-02-03 08:55:47,2021-02-03 08:56:05,140,"No",0
"1433","S18",20180221,"8:58:25","8:59:13","Short Call","med","0:00:48","08","20180221_08","S18_20180221",2021-02-03 08:58:25,2021-02-03 08:59:13,271,"No",0
"1443","S18",20180221,"9:03:44","9:04:54","Short Call","med","0:01:10","09","20180221_09","S18_20180221",2021-02-03 09:03:44,2021-02-03 09:04:54,497,"No",0
"1453","S18",20180221,"9:13:11","9:14:23","Short Call","med","0:01:12","09","20180221_09","S18_20180221",2021-02-03 09:13:11,2021-02-03 09:14:23,141,"No",0
"1463","S18",20180221,"9:16:44","9:17:43","Short Call","med","0:00:59","09","20180221_09","S18_20180221",2021-02-03 09:16:44,2021-02-03 09:17:43,290,"No",0
"1473","S18",20180221,"9:22:33","9:23:14","Short Call","med","0:00:41","09","20180221_09","S18_20180221",2021-02-03 09:22:33,2021-02-03 09:23:14,398,"No",0
"1483","S18",20180221,"9:29:52","9:31:26","Short Call","med","0:01:34","09","20180221_09","S18_20180221",2021-02-03 09:29:52,2021-02-03 09:31:26,367,"No",0
"1493","S18",20180221,"9:37:33","9:38:09","Short Call","med","0:00:36","09","20180221_09","S18_20180221",2021-02-03 09:37:33,2021-02-03 09:38:09,245,"No",0
"1503","S18",20180221,"9:42:14","9:43:47","Short Call","med","0:01:33","09","20180221_09","S18_20180221",2021-02-03 09:42:14,2021-02-03 09:43:47,494,"No",0
"1519","S18",20180221,"9:52:01","9:52:56","Short Call","med","0:00:55","09","20180221_09","S18_20180221",2021-02-03 09:52:01,2021-02-03 09:52:56,238,"No",0
"1523","S18",20180221,"9:56:54","9:58:21","Long Call","med","0:01:27","09","20180221_09","S18_20180221",2021-02-03 09:56:54,2021-02-03 09:58:21,99,"No",0
"1533","S18",20180221,"10:00:00","10:00:36","Short Call","med","0:00:36","10","20180221_10","S18_20180221",2021-02-03 10:00:00,2021-02-03 10:00:36,446,"No",0
"1543","S18",20180221,"10:08:02","10:08:38","Short Call","med","0:00:36","10","20180221_10","S18_20180221",2021-02-03 10:08:02,2021-02-03 10:08:38,323,"No",0
"1553","S18",20180221,"10:14:01","10:14:34","Short Call","med","0:00:33","10","20180221_10","S18_20180221",2021-02-03 10:14:01,2021-02-03 10:14:34,395,"No",0
"1563","S18",20180221,"10:21:09","10:21:56","Short Call","med","0:00:47","10","20180221_10","S18_20180221",2021-02-03 10:21:09,2021-02-03 10:21:56,1401,"No",0
"1573","S18",20180221,"10:45:17","10:46:02","Short Call","med","0:00:45","10","20180221_10","S18_20180221",2021-02-03 10:45:17,2021-02-03 10:46:02,1861,"No",0
"1583","S18",20180221,"11:17:03","11:17:51","Short Call","med","0:00:48","11","20180221_11","S18_20180221",2021-02-03 11:17:03,2021-02-03 11:17:51,721,"No",0
"1593","S18",20180221,"11:29:52","11:30:46","Short Call","med","0:00:54","11","20180221_11","S18_20180221",2021-02-03 11:29:52,2021-02-03 11:30:46,695,"No",0
"1603","S18",20180221,"11:42:21","11:43:02","Short Call","low","0:00:41","11","20180221_11","S18_20180221",2021-02-03 11:42:21,2021-02-03 11:43:02,218,"No",0
"1619","S18",20180221,"11:46:40","11:47:34","Short Call","low","0:00:54","11","20180221_11","S18_20180221",2021-02-03 11:46:40,2021-02-03 11:47:34,26703,"No",0
"1623","S18",20180221,"19:12:37","19:14:20","Short Call","low","0:01:43","19","20180221_19","S18_20180221",2021-02-03 19:12:37,2021-02-03 19:14:20,344,"No",0
"1633","S18",20180221,"19:20:04","19:21:34","Long Call","low","0:01:30","19","20180221_19","S18_20180221",2021-02-03 19:20:04,2021-02-03 19:21:34,74,"No",0
"1643","S18",20180221,"19:22:48","19:24:16","Long Call","high","0:01:28","19","20180221_19","S18_20180221",2021-02-03 19:22:48,2021-02-03 19:24:16,NA,"No",0
"1653","S18",20180222,"4:31:03","4:32:27","Long Call","low","0:01:24","04","20180222_04","S18_20180222",2021-02-03 04:31:03,2021-02-03 04:32:27,-10,"No",0
"1663","S18",20180222,"4:32:17","4:33:42","Long Call","high","0:01:25","04","20180222_04","S18_20180222",2021-02-03 04:32:17,2021-02-03 04:33:42,42,"No",0
"1673","S18",20180222,"4:34:24","4:37:02","Long Call","low","0:02:38","04","20180222_04","S18_20180222",2021-02-03 04:34:24,2021-02-03 04:37:02,8778,"No",0
"1683","S18",20180222,"7:03:20","7:04:32","Short Call","high","0:01:12","07","20180222_07","S18_20180222",2021-02-03 07:03:20,2021-02-03 07:04:32,3605,"No",0
"1693","S18",20180222,"8:04:37","8:07:50","Short Call","med","0:03:13","08","20180222_08","S18_20180222",2021-02-03 08:04:37,2021-02-03 08:07:50,142,"No",0
"1703","S18",20180222,"8:10:12","8:11:27","Short Call","med","0:01:15","08","20180222_08","S18_20180222",2021-02-03 08:10:12,2021-02-03 08:11:27,66,"No",0
"1719","S18",20180222,"8:12:33","8:13:36","Short Call","low","0:01:03","08","20180222_08","S18_20180222",2021-02-03 08:12:33,2021-02-03 08:13:36,183,"No",0
"1723","S18",20180222,"8:16:39","8:17:11","Short Call","med","0:00:32","08","20180222_08","S18_20180222",2021-02-03 08:16:39,2021-02-03 08:17:11,1679,"No",0
"1733","S18",20180222,"8:45:10","8:45:49","Short Call","low","0:00:39","08","20180222_08","S18_20180222",2021-02-03 08:45:10,2021-02-03 08:45:49,69,"No",0
"1743","S18",20180222,"8:46:58","8:47:43","Short Call","med","0:00:45","08","20180222_08","S18_20180222",2021-02-03 08:46:58,2021-02-03 08:47:43,290,"No",0
"1753","S18",20180222,"8:52:33","8:53:39","Short Call","low","0:01:06","08","20180222_08","S18_20180222",2021-02-03 08:52:33,2021-02-03 08:53:39,287,"No",0
"1763","S18",20180222,"8:58:26","8:59:13","Short Call","low","0:00:47","08","20180222_08","S18_20180222",2021-02-03 08:58:26,2021-02-03 08:59:13,200,"No",0
"1773","S18",20180222,"9:02:33","9:03:05","Short Call","med","0:00:32","09","20180222_09","S18_20180222",2021-02-03 09:02:33,2021-02-03 09:03:05,221,"No",0
"1783","S18",20180222,"9:06:46","9:07:27","Short Call","low","0:00:41","09","20180222_09","S18_20180222",2021-02-03 09:06:46,2021-02-03 09:07:27,45,"No",0
"1793","S18",20180222,"9:08:12","9:09:16","Long Call","low","0:01:04","09","20180222_09","S18_20180222",2021-02-03 09:08:12,2021-02-03 09:09:16,-13,"No",0
"1803","S18",20180222,"9:09:03","9:09:43","Short Call","med","0:00:40","09","20180222_09","S18_20180222",2021-02-03 09:09:03,2021-02-03 09:09:43,328,"No",0
"1819","S18",20180222,"9:15:11","9:16:10","Short Call","low","0:00:59","09","20180222_09","S18_20180222",2021-02-03 09:15:11,2021-02-03 09:16:10,149,"No",0
"1823","S18",20180222,"9:18:39","9:19:13","Short Call","med","0:00:34","09","20180222_09","S18_20180222",2021-02-03 09:18:39,2021-02-03 09:19:13,292,"No",0
"1833","S18",20180222,"9:24:05","9:24:55","Short Call","med","0:00:50","09","20180222_09","S18_20180222",2021-02-03 09:24:05,2021-02-03 09:24:55,158,"No",0
"1843","S18",20180222,"9:27:33","9:27:57","Short Call","med","0:00:24","09","20180222_09","S18_20180222",2021-02-03 09:27:33,2021-02-03 09:27:57,143,"No",0
"1853","S18",20180222,"9:30:20","9:30:55","Short Call","med","0:00:35","09","20180222_09","S18_20180222",2021-02-03 09:30:20,2021-02-03 09:30:55,157,"No",0
"1863","S18",20180222,"9:33:32","9:34:40","Short Call","med","0:01:08","09","20180222_09","S18_20180222",2021-02-03 09:33:32,2021-02-03 09:34:40,443,"No",0
"1873","S18",20180222,"9:42:03","9:42:56","Short Call","med","0:00:53","09","20180222_09","S18_20180222",2021-02-03 09:42:03,2021-02-03 09:42:56,248,"No",0
"1883","S18",20180222,"9:47:04","9:47:24","Short Call","med","0:00:20","09","20180222_09","S18_20180222",2021-02-03 09:47:04,2021-02-03 09:47:24,982,"No",0
"1893","S18",20180222,"10:03:46","10:05:20","Short Call","med","0:01:34","10","20180222_10","S18_20180222",2021-02-03 10:03:46,2021-02-03 10:05:20,507,"No",0
"1903","S18",20180222,"10:13:47","10:14:30","Short Call","med","0:00:43","10","20180222_10","S18_20180222",2021-02-03 10:13:47,2021-02-03 10:14:30,304,"No",0
"1919","S18",20180222,"10:19:34","10:20:39","Short Call","med","0:01:05","10","20180222_10","S18_20180222",2021-02-03 10:19:34,2021-02-03 10:20:39,293,"No",0
"1923","S18",20180222,"10:25:32","10:26:25","Short Call","med","0:00:53","10","20180222_10","S18_20180222",2021-02-03 10:25:32,2021-02-03 10:26:25,457,"No",0
"1933","S18",20180222,"10:34:02","10:34:51","Short Call","med","0:00:49","10","20180222_10","S18_20180222",2021-02-03 10:34:02,2021-02-03 10:34:51,343,"No",0
"1943","S18",20180222,"10:40:34","10:40:38","Short Call","med","0:00:04","10","20180222_10","S18_20180222",2021-02-03 10:40:34,2021-02-03 10:40:38,356,"No",0
"1953","S18",20180222,"10:46:34","10:47:00","Short Call","low","0:00:26","10","20180222_10","S18_20180222",2021-02-03 10:46:34,2021-02-03 10:47:00,3,"No",0
"1963","S18",20180222,"10:47:03","10:48:10","Long Call","low","0:01:07","10","20180222_10","S18_20180222",2021-02-03 10:47:03,2021-02-03 10:48:10,-14,"No",0
"1973","S18",20180222,"10:47:56","10:49:19","Short Call","med","0:01:23","10","20180222_10","S18_20180222",2021-02-03 10:47:56,2021-02-03 10:49:19,458,"No",0
"1983","S18",20180222,"10:56:57","10:57:35","Short Call","med","0:00:38","10","20180222_10","S18_20180222",2021-02-03 10:56:57,2021-02-03 10:57:35,3347,"No",0
"1993","S18",20180222,"11:53:22","11:54:39","Short Call","low","0:01:17","11","20180222_11","S18_20180222",2021-02-03 11:53:22,2021-02-03 11:54:39,24209,"No",0
"2003","S18",20180222,"18:38:08","18:40:08","Long Call","med","0:02:00","18","20180222_18","S18_20180222",2021-02-03 18:38:08,2021-02-03 18:40:08,59,"No",0
"2019","S18",20180222,"18:41:07","18:42:29","Long Call","med","0:01:22","18","20180222_18","S18_20180222",2021-02-03 18:41:07,2021-02-03 18:42:29,23,"No",0
"2023","S18",20180222,"18:42:52","18:44:14","Long Call","med","0:01:22","18","20180222_18","S18_20180222",2021-02-03 18:42:52,2021-02-03 18:44:14,-10,"No",0
"2033","S18",20180222,"18:44:04","18:44:14","Short Call","med","0:00:10","18","20180222_18","S18_20180222",2021-02-03 18:44:04,2021-02-03 18:44:14,113,"No",0
"2043","S18",20180222,"18:46:07","18:47:04","Short Call","low","0:00:57","18","20180222_18","S18_20180222",2021-02-03 18:46:07,2021-02-03 18:47:04,373,"No",0
"2053","S18",20180222,"18:53:17","18:53:59","Short Call","low","0:00:42","18","20180222_18","S18_20180222",2021-02-03 18:53:17,2021-02-03 18:53:59,NA,"No",0
"2063","S18",20180223,"3:30:11","3:31:42","Long Call","high","0:01:31","03","20180223_03","S18_20180223",2021-02-03 03:30:11,2021-02-03 03:31:42,8,"No",0
"2073","S18",20180223,"3:31:50","3:33:02","Long Call","med","0:01:12","03","20180223_03","S18_20180223",2021-02-03 03:31:50,2021-02-03 03:33:02,-7,"No",0
"2083","S18",20180223,"3:32:55","3:33:51","Long Call","low","0:00:56","03","20180223_03","S18_20180223",2021-02-03 03:32:55,2021-02-03 03:33:51,15,"No",0
"2093","S18",20180223,"3:34:06","3:35:21","Long Call","low","0:01:15","03","20180223_03","S18_20180223",2021-02-03 03:34:06,2021-02-03 03:35:21,13256,"No",0
"21010","S18",20180223,"7:16:17","7:16:30","Short Call","med","0:00:13","07","20180223_07","S18_20180223",2021-02-03 07:16:17,2021-02-03 07:16:30,3089,"No",0
"2119","S18",20180223,"8:07:59","8:09:48","Short Call","med","0:01:49","08","20180223_08","S18_20180223",2021-02-03 08:07:59,2021-02-03 08:09:48,475,"No",0
"2123","S18",20180223,"8:17:43","8:18:25","Short Call","med","0:00:42","08","20180223_08","S18_20180223",2021-02-03 08:17:43,2021-02-03 08:18:25,123,"No",0
"2133","S18",20180223,"8:20:28","8:21:16","Short Call","med","0:00:48","08","20180223_08","S18_20180223",2021-02-03 08:20:28,2021-02-03 08:21:16,137,"No",0
"2143","S18",20180223,"8:23:33","8:24:23","Short Call","low","0:00:50","08","20180223_08","S18_20180223",2021-02-03 08:23:33,2021-02-03 08:24:23,575,"No",0
"2153","S18",20180223,"8:33:58","8:34:43","Short Call","low","0:00:45","08","20180223_08","S18_20180223",2021-02-03 08:33:58,2021-02-03 08:34:43,401,"No",0
"2163","S18",20180223,"8:41:24","8:43:18","Short Call","med","0:01:54","08","20180223_08","S18_20180223",2021-02-03 08:41:24,2021-02-03 08:43:18,361,"No",0
"2173","S18",20180223,"8:49:19","8:49:43","Short Call","low","0:00:24","08","20180223_08","S18_20180223",2021-02-03 08:49:19,2021-02-03 08:49:43,111,"No",0
"2183","S18",20180223,"8:51:34","8:52:22","Short Call","med","0:00:48","08","20180223_08","S18_20180223",2021-02-03 08:51:34,2021-02-03 08:52:22,717,"No",0
"2193","S18",20180223,"9:04:19","9:05:00","Short Call","low","0:00:41","09","20180223_09","S18_20180223",2021-02-03 09:04:19,2021-02-03 09:05:00,3624,"No",0
"2203","S18",20180223,"10:05:24","10:06:07","Short Call","med","0:00:43","10","20180223_10","S18_20180223",2021-02-03 10:05:24,2021-02-03 10:06:07,537,"No",0
"2219","S18",20180223,"10:15:04","10:16:59","Short Call","med","0:01:55","10","20180223_10","S18_20180223",2021-02-03 10:15:04,2021-02-03 10:16:59,172,"No",0
"2223","S18",20180223,"10:19:51","10:21:23","Short Call","med","0:01:32","10","20180223_10","S18_20180223",2021-02-03 10:19:51,2021-02-03 10:21:23,376,"No",0
"2233","S18",20180223,"10:27:39","10:28:39","Short Call","low","0:01:00","10","20180223_10","S18_20180223",2021-02-03 10:27:39,2021-02-03 10:28:39,317,"No",0
"2243","S18",20180223,"10:33:56","10:34:52","Short Call","low","0:00:56","10","20180223_10","S18_20180223",2021-02-03 10:33:56,2021-02-03 10:34:52,380,"No",0
"2253","S18",20180223,"10:41:12","10:43:18","Short Call","med","0:02:06","10","20180223_10","S18_20180223",2021-02-03 10:41:12,2021-02-03 10:43:18,62,"No",0
"2263","S18",20180223,"10:44:20","10:45:04","Short Call","low","0:00:44","10","20180223_10","S18_20180223",2021-02-03 10:44:20,2021-02-03 10:45:04,876,"No",0
"2273","S18",20180223,"10:59:40","11:00:23","Short Call","low","0:00:43","10","20180223_10","S18_20180223",2021-02-03 10:59:40,2021-02-03 11:00:23,577,"No",0
"2283","S18",20180223,"11:10:00","11:10:50","Short Call","med","0:00:50","11","20180223_11","S18_20180223",2021-02-03 11:10:00,2021-02-03 11:10:50,29947,"No",0
"2293","S18",20180223,"19:29:57","19:31:57","Long Call","med","0:02:00","19","20180223_19","S18_20180223",2021-02-03 19:29:57,2021-02-03 19:31:57,NA,"No",0
"2303","S18",20180224,"3:06:05","3:07:36","Long Call","high","0:01:31","03","20180224_03","S18_20180224",2021-02-03 03:06:05,2021-02-03 03:07:36,18500,"No",0
"2318","S18",20180224,"8:15:56","8:16:58","Long Call","low","0:01:02","08","20180224_08","S18_20180224",2021-02-03 08:15:56,2021-02-03 08:16:58,304,"No",0
"2323","S18",20180224,"8:22:02","8:23:04","Short Call","med","0:01:02","08","20180224_08","S18_20180224",2021-02-03 08:22:02,2021-02-03 08:23:04,797,"No",0
"2333","S18",20180224,"8:36:21","8:36:40","Short Call","med","0:00:19","08","20180224_08","S18_20180224",2021-02-03 08:36:21,2021-02-03 08:36:40,376,"No",0
"2343","S18",20180224,"8:42:56","8:44:08","Short Call","med","0:01:12","08","20180224_08","S18_20180224",2021-02-03 08:42:56,2021-02-03 08:44:08,752,"No",0
"2353","S18",20180224,"8:56:40","8:57:27","Short Call","med","0:00:47","08","20180224_08","S18_20180224",2021-02-03 08:56:40,2021-02-03 08:57:27,973,"No",0
"2363","S18",20180224,"9:13:40","9:14:23","Short Call","med","0:00:43","09","20180224_09","S18_20180224",2021-02-03 09:13:40,2021-02-03 09:14:23,208,"No",0
"2373","S18",20180224,"9:17:51","9:18:39","Short Call","low","0:00:48","09","20180224_09","S18_20180224",2021-02-03 09:17:51,2021-02-03 09:18:39,573,"No",0
"2383","S18",20180224,"9:28:12","9:28:50","Short Call","low","0:00:38","09","20180224_09","S18_20180224",2021-02-03 09:28:12,2021-02-03 09:28:50,607,"No",0
"2393","S18",20180224,"9:38:57","9:39:41","Short Call","low","0:00:44","09","20180224_09","S18_20180224",2021-02-03 09:38:57,2021-02-03 09:39:41,236,"No",0
"2403","S18",20180224,"9:43:37","9:44:38","Short Call","med","0:01:01","09","20180224_09","S18_20180224",2021-02-03 09:43:37,2021-02-03 09:44:38,0,"Yes",1
"2419","S18",20180224,"9:44:38","9:46:41","Long Call","low","0:02:03","09","20180224_09","S18_20180224",2021-02-03 09:44:38,2021-02-03 09:46:41,295,"No",0
"2423","S18",20180224,"9:51:36","9:51:57","Short Call","med","0:00:21","09","20180224_09","S18_20180224",2021-02-03 09:51:36,2021-02-03 09:51:57,999,"No",0
"2433","S18",20180224,"10:08:36","10:09:07","Short Call","med","0:00:31","10","20180224_10","S18_20180224",2021-02-03 10:08:36,2021-02-03 10:09:07,554,"No",0
"2443","S18",20180224,"10:18:21","10:19:30","Short Call","med","0:01:09","10","20180224_10","S18_20180224",2021-02-03 10:18:21,2021-02-03 10:19:30,745,"No",0
"2453","S18",20180224,"10:31:55","10:33:14","Long Call","low","0:01:19","10","20180224_10","S18_20180224",2021-02-03 10:31:55,2021-02-03 10:33:14,-17,"No",0
"2463","S18",20180224,"10:32:57","10:33:50","Short Call","med","0:00:53","10","20180224_10","S18_20180224",2021-02-03 10:32:57,2021-02-03 10:33:50,865,"No",0
"2473","S18",20180224,"10:48:15","10:49:00","Short Call","med","0:00:45","10","20180224_10","S18_20180224",2021-02-03 10:48:15,2021-02-03 10:49:00,491,"No",0
"2483","S18",20180224,"10:57:11","10:57:34","Short Call","med","0:00:23","10","20180224_10","S18_20180224",2021-02-03 10:57:11,2021-02-03 10:57:34,2822,"No",0
"2493","S18",20180224,"11:44:36","11:45:17","Short Call","med","0:00:41","11","20180224_11","S18_20180224",2021-02-03 11:44:36,2021-02-03 11:45:17,426,"No",0
"2503","S18",20180224,"11:52:23","11:53:36","Short Call","med","0:01:13","11","20180224_11","S18_20180224",2021-02-03 11:52:23,2021-02-03 11:53:36,NA,"No",0
"2518","S18",20180225,"4:24:00","4:26:31","Long Call","high","0:02:31","04","20180225_04","S18_20180225",2021-02-03 04:24:00,2021-02-03 04:26:31,2,"No",0
"2523","S18",20180225,"4:26:33","4:28:27","Long Call","low","0:01:54","04","20180225_04","S18_20180225",2021-02-03 04:26:33,2021-02-03 04:28:27,14501,"No",0
"2533","S18",20180225,"8:30:08","8:31:36","Long Call","med","0:01:28","08","20180225_08","S18_20180225",2021-02-03 08:30:08,2021-02-03 08:31:36,5,"No",0
"2543","S18",20180225,"8:31:41","8:33:04","Long Call","low","0:01:23","08","20180225_08","S18_20180225",2021-02-03 08:31:41,2021-02-03 08:33:04,90,"No",0
"2553","S18",20180225,"8:34:34","8:35:34","Short Call","low","0:01:00","08","20180225_08","S18_20180225",2021-02-03 08:34:34,2021-02-03 08:35:34,38948,"No",0
"2563","S18",20180225,"19:24:42","19:25:59","Long Call","med","0:01:17","19","20180225_19","S18_20180225",2021-02-03 19:24:42,2021-02-03 19:25:59,44,"No",0
"2573","S18",20180225,"19:26:43","19:28:11","Long Call","med","0:01:28","19","20180225_19","S18_20180225",2021-02-03 19:26:43,2021-02-03 19:28:11,NA,"No",0
"2583","S18",20180226,"4:10:43","4:12:21","Long Call","med","0:01:38","04","20180226_04","S18_20180226",2021-02-03 04:10:43,2021-02-03 04:12:21,13,"No",0
"2593","S18",20180226,"4:12:34","4:13:49","Long Call","med","0:01:15","04","20180226_04","S18_20180226",2021-02-03 04:12:34,2021-02-03 04:13:49,19657,"No",0
"2603","S18",20180226,"9:41:26","9:43:03","Long Call","low","0:01:37","09","20180226_09","S18_20180226",2021-02-03 09:41:26,2021-02-03 09:43:03,7666,"No",0
"2618","S18",20180226,"11:50:49","11:51:01","Short Call","med","0:00:12","11","20180226_11","S18_20180226",2021-02-03 11:50:49,2021-02-03 11:51:01,874,"No",0
"2623","S18",20180226,"12:05:35","12:10:32","Short Call","med","0:04:57","12","20180226_12","S18_20180226",2021-02-03 12:05:35,2021-02-03 12:10:32,-41,"No",0
"2633","S18",20180226,"12:09:51","12:10:32","Short Call","med","0:00:41","12","20180226_12","S18_20180226",2021-02-03 12:09:51,2021-02-03 12:10:32,333,"No",0
"2643","S18",20180226,"12:16:05","12:16:43","Short Call","med","0:00:38","12","20180226_12","S18_20180226",2021-02-03 12:16:05,2021-02-03 12:16:43,315,"No",0
"2653","S18",20180226,"12:21:58","12:22:33","Short Call","med","0:00:35","12","20180226_12","S18_20180226",2021-02-03 12:21:58,2021-02-03 12:22:33,963,"No",0
"2663","S18",20180226,"12:38:36","12:39:21","Short Call","med","0:00:45","12","20180226_12","S18_20180226",2021-02-03 12:38:36,2021-02-03 12:39:21,925,"No",0
"2673","S18",20180226,"12:54:46","12:55:32","Short Call","med","0:00:46","12","20180226_12","S18_20180226",2021-02-03 12:54:46,2021-02-03 12:55:32,619,"No",0
"2683","S18",20180226,"13:05:51","13:06:11","Short Call","med","0:00:20","13","20180226_13","S18_20180226",2021-02-03 13:05:51,2021-02-03 13:06:11,963,"No",0
"2693","S18",20180226,"13:22:14","13:22:46","Short Call","med","0:00:32","13","20180226_13","S18_20180226",2021-02-03 13:22:14,2021-02-03 13:22:46,508,"No",0
"2703","S18",20180226,"13:31:14","13:31:30","Short Call","med","0:00:16","13","20180226_13","S18_20180226",2021-02-03 13:31:14,2021-02-03 13:31:30,3049,"No",0
"2719","S18",20180226,"14:22:19","14:23:20","Short Call","med","0:01:01","14","20180226_14","S18_20180226",2021-02-03 14:22:19,2021-02-03 14:23:20,NA,"No",0
"2723","S18",20180227,"4:11:57","4:14:21","Long Call","low","0:02:24","04","20180227_04","S18_20180227",2021-02-03 04:11:57,2021-02-03 04:14:21,13,"No",0
"2733","S18",20180227,"4:14:34","4:15:52","Long Call","high","0:01:18","04","20180227_04","S18_20180227",2021-02-03 04:14:34,2021-02-03 04:15:52,16932,"No",0
"2743","S18",20180227,"8:58:04","8:59:27","Short Call","med","0:01:23","08","20180227_08","S18_20180227",2021-02-03 08:58:04,2021-02-03 08:59:27,1571,"No",0
"2753","S18",20180227,"9:25:38","9:26:03","Short Call","med","0:00:25","09","20180227_09","S18_20180227",2021-02-03 09:25:38,2021-02-03 09:26:03,953,"No",0
"2763","S18",20180227,"9:41:56","9:42:47","Short Call","med","0:00:51","09","20180227_09","S18_20180227",2021-02-03 09:41:56,2021-02-03 09:42:47,420,"No",0
"2773","S18",20180227,"9:49:47","9:50:43","Short Call","low","0:00:56","09","20180227_09","S18_20180227",2021-02-03 09:49:47,2021-02-03 09:50:43,-17,"No",0
"2783","S18",20180227,"9:50:26","9:50:52","Short Call","med","0:00:26","09","20180227_09","S18_20180227",2021-02-03 09:50:26,2021-02-03 09:50:52,280,"No",0
"2793","S18",20180227,"9:55:32","9:56:49","Long Call","low","0:01:17","09","20180227_09","S18_20180227",2021-02-03 09:55:32,2021-02-03 09:56:49,-38,"No",0
"2803","S18",20180227,"9:56:11","9:57:31","Short Call","med","0:01:20","09","20180227_09","S18_20180227",2021-02-03 09:56:11,2021-02-03 09:57:31,694,"No",0
"2817","S18",20180227,"10:09:05","10:09:22","Short Call","med","0:00:17","10","20180227_10","S18_20180227",2021-02-03 10:09:05,2021-02-03 10:09:22,715,"No",0
"2823","S18",20180227,"10:21:17","10:21:56","Short Call","med","0:00:39","10","20180227_10","S18_20180227",2021-02-03 10:21:17,2021-02-03 10:21:56,579,"No",0
"2833","S18",20180227,"10:31:35","10:32:22","Short Call","med","0:00:47","10","20180227_10","S18_20180227",2021-02-03 10:31:35,2021-02-03 10:32:22,251,"No",0
"2843","S18",20180227,"10:36:33","10:36:49","Short Call","med","0:00:16","10","20180227_10","S18_20180227",2021-02-03 10:36:33,2021-02-03 10:36:49,602,"No",0
"2853","S18",20180227,"10:46:51","10:47:51","Short Call","med","0:01:00","10","20180227_10","S18_20180227",2021-02-03 10:46:51,2021-02-03 10:47:51,385,"No",0
"2863","S18",20180227,"10:54:16","10:54:57","Short Call","low","0:00:41","10","20180227_10","S18_20180227",2021-02-03 10:54:16,2021-02-03 10:54:57,6915,"No",0
"2873","S18",20180227,"12:50:12","12:50:59","Short Call","low","0:00:47","12","20180227_12","S18_20180227",2021-02-03 12:50:12,2021-02-03 12:50:59,275,"No",0
"2883","S18",20180227,"12:55:34","12:56:20","Short Call","low","0:00:46","12","20180227_12","S18_20180227",2021-02-03 12:55:34,2021-02-03 12:56:20,NA,"No",0
"2893","S18",20180228,"3:48:55","3:50:33","Long Call","med","0:01:38","03","20180228_03","S18_20180228",2021-02-03 03:48:55,2021-02-03 03:50:33,15034,"No",0
"2903","S18",20180228,"8:01:07","8:01:23","Short Call","med","0:00:16","08","20180228_08","S18_20180228",2021-02-03 08:01:07,2021-02-03 08:01:23,611,"No",0
"2919","S18",20180228,"8:11:34","8:12:21","Short Call","med","0:00:47","08","20180228_08","S18_20180228",2021-02-03 08:11:34,2021-02-03 08:12:21,264,"No",0
"2923","S18",20180228,"8:16:45","8:17:43","Short Call","med","0:00:58","08","20180228_08","S18_20180228",2021-02-03 08:16:45,2021-02-03 08:17:43,909,"No",0
"2933","S18",20180228,"8:32:52","8:34:08","Long Call","low","0:01:16","08","20180228_08","S18_20180228",2021-02-03 08:32:52,2021-02-03 08:34:08,-11,"No",0
"2943","S18",20180228,"8:33:57","8:34:08","Short Call","med","0:00:11","08","20180228_08","S18_20180228",2021-02-03 08:33:57,2021-02-03 08:34:08,1950,"No",0
"2953","S18",20180228,"9:06:38","9:07:21","Short Call","low","0:00:43","09","20180228_09","S18_20180228",2021-02-03 09:06:38,2021-02-03 09:07:21,937,"No",0
"2963","S18",20180228,"9:22:58","9:23:35","Short Call","low","0:00:37","09","20180228_09","S18_20180228",2021-02-03 09:22:58,2021-02-03 09:23:35,350,"No",0
"2973","S18",20180228,"9:29:25","9:29:34","Short Call","low","0:00:09","09","20180228_09","S18_20180228",2021-02-03 09:29:25,2021-02-03 09:29:34,196,"No",0
"2983","S18",20180228,"9:32:50","9:33:13","Short Call","low","0:00:23","09","20180228_09","S18_20180228",2021-02-03 09:32:50,2021-02-03 09:33:13,145,"No",0
"2993","S18",20180228,"9:35:38","9:36:33","Short Call","high","0:00:55","09","20180228_09","S18_20180228",2021-02-03 09:35:38,2021-02-03 09:36:33,53,"No",0
"3003","S18",20180228,"9:37:26","9:38:44","Long Call","low","0:01:18","09","20180228_09","S18_20180228",2021-02-03 09:37:26,2021-02-03 09:38:44,-67,"No",0
"3019","S18",20180228,"9:37:37","9:39:11","Short Call","high","0:01:34","09","20180228_09","S18_20180228",2021-02-03 09:37:37,2021-02-03 09:39:11,391,"No",0
"3023","S18",20180228,"9:45:42","9:46:54","Short Call","high","0:01:12","09","20180228_09","S18_20180228",2021-02-03 09:45:42,2021-02-03 09:46:54,219,"No",0
"3033","S18",20180228,"9:50:33","9:51:11","Short Call","low","0:00:38","09","20180228_09","S18_20180228",2021-02-03 09:50:33,2021-02-03 09:51:11,215,"No",0
"3043","S18",20180228,"9:54:46","9:55:32","Short Call","high","0:00:46","09","20180228_09","S18_20180228",2021-02-03 09:54:46,2021-02-03 09:55:32,495,"No",0
"3052","S18",20180228,"10:03:47","10:04:24","Short Call","low","0:00:37","10","20180228_10","S18_20180228",2021-02-03 10:03:47,2021-02-03 10:04:24,40,"No",0
"3062","S18",20180228,"10:05:04","10:06:05","Long Call","low","0:01:01","10","20180228_10","S18_20180228",2021-02-03 10:05:04,2021-02-03 10:06:05,-2,"Yes",1
"3072","S18",20180228,"10:06:03","10:07:09","Short Call","med","0:01:06","10","20180228_10","S18_20180228",2021-02-03 10:06:03,2021-02-03 10:07:09,148,"No",0
"3082","S18",20180228,"10:09:37","10:10:09","Short Call","low","0:00:32","10","20180228_10","S18_20180228",2021-02-03 10:09:37,2021-02-03 10:10:09,52,"No",0
"3092","S18",20180228,"10:11:01","10:11:30","Short Call","med","0:00:29","10","20180228_10","S18_20180228",2021-02-03 10:11:01,2021-02-03 10:11:30,319,"No",0
"3109","S18",20180228,"10:16:49","10:17:23","Short Call","low","0:00:34","10","20180228_10","S18_20180228",2021-02-03 10:16:49,2021-02-03 10:17:23,271,"No",0
"3118","S18",20180228,"10:21:54","10:22:41","Short Call","low","0:00:47","10","20180228_10","S18_20180228",2021-02-03 10:21:54,2021-02-03 10:22:41,382,"No",0
"3122","S18",20180228,"10:29:03","10:29:39","Short Call","med","0:00:36","10","20180228_10","S18_20180228",2021-02-03 10:29:03,2021-02-03 10:29:39,807,"No",0
"3132","S18",20180228,"10:43:06","10:43:47","Short Call","low","0:00:41","10","20180228_10","S18_20180228",2021-02-03 10:43:06,2021-02-03 10:43:47,NA,"No",0
"3142","S18",20180301,"9:05:19","9:05:32","Short Call","high","0:00:13","09","20180301_09","S18_20180301",2021-02-03 09:05:19,2021-02-03 09:05:32,1071,"No",0
"3152","S18",20180301,"9:23:23","9:24:26","Long Call","low","0:01:03","09","20180301_09","S18_20180301",2021-02-03 09:23:23,2021-02-03 09:24:26,-7,"No",0
"3162","S18",20180301,"9:24:19","9:25:47","Short Call","med","0:01:28","09","20180301_09","S18_20180301",2021-02-03 09:24:19,2021-02-03 09:25:47,183,"No",0
"3172","S18",20180301,"9:28:50","9:29:43","Short Call","med","0:00:53","09","20180301_09","S18_20180301",2021-02-03 09:28:50,2021-02-03 09:29:43,865,"No",0
"3182","S18",20180301,"9:44:08","9:44:51","Short Call","med","0:00:43","09","20180301_09","S18_20180301",2021-02-03 09:44:08,2021-02-03 09:44:51,257,"No",0
"3192","S18",20180301,"9:49:08","9:50:31","Long Call","low","0:01:23","09","20180301_09","S18_20180301",2021-02-03 09:49:08,2021-02-03 09:50:31,73,"No",0
"3202","S18",20180301,"9:51:44","9:52:18","Short Call","med","0:00:34","09","20180301_09","S18_20180301",2021-02-03 09:51:44,2021-02-03 09:52:18,63,"No",0
"3217","S18",20180301,"9:53:21","9:53:46","Short Call","med","0:00:25","09","20180301_09","S18_20180301",2021-02-03 09:53:21,2021-02-03 09:53:46,129,"No",0
"3222","S18",20180301,"9:55:55","9:56:10","Short Call","med","0:00:15","09","20180301_09","S18_20180301",2021-02-03 09:55:55,2021-02-03 09:56:10,452,"No",0
"3232","S18",20180301,"10:03:42","10:04:10","Short Call","med","0:00:28","10","20180301_10","S18_20180301",2021-02-03 10:03:42,2021-02-03 10:04:10,410,"No",0
"3242","S18",20180301,"10:11:00","10:11:28","Short Call","med","0:00:28","10","20180301_10","S18_20180301",2021-02-03 10:11:00,2021-02-03 10:11:28,2265,"No",0
"3252","S18",20180301,"10:49:13","10:50:00","Short Call","med","0:00:47","10","20180301_10","S18_20180301",2021-02-03 10:49:13,2021-02-03 10:50:00,1860,"No",0
"3262","S18",20180301,"11:21:00","11:22:07","Long Call","low","0:01:07","11","20180301_11","S18_20180301",2021-02-03 11:21:00,2021-02-03 11:22:07,12939,"No",0
"3272","S18",20180301,"14:57:46","14:57:58","Short Call","med","0:00:12","14","20180301_14","S18_20180301",2021-02-03 14:57:46,2021-02-03 14:57:58,NA,"No",0
"3282","S18",20180302,"8:16:51","8:18:11","Short Call","med","0:01:20","08","20180302_08","S18_20180302",2021-02-03 08:16:51,2021-02-03 08:18:11,471,"No",0
"3292","S18",20180302,"8:26:02","8:27:09","Long Call","low","0:01:07","08","20180302_08","S18_20180302",2021-02-03 08:26:02,2021-02-03 08:27:09,688,"No",0
"3302","S18",20180302,"8:38:37","8:39:19","Short Call","med","0:00:42","08","20180302_08","S18_20180302",2021-02-03 08:38:37,2021-02-03 08:39:19,4571,"No",0
"3318","S18",20180302,"9:55:30","9:56:38","Short Call","med","0:01:08","09","20180302_09","S18_20180302",2021-02-03 09:55:30,2021-02-03 09:56:38,207,"No",0
"3322","S18",20180302,"10:00:05","10:00:54","Long Call","low","0:00:49","10","20180302_10","S18_20180302",2021-02-03 10:00:05,2021-02-03 10:00:54,-3,"Yes",1
"3332","S18",20180302,"10:00:51","10:01:11","Short Call","med","0:00:20","10","20180302_10","S18_20180302",2021-02-03 10:00:51,2021-02-03 10:01:11,1,"No",0
"3342","S18",20180302,"10:01:12","10:02:04","Long Call","low","0:00:52","10","20180302_10","S18_20180302",2021-02-03 10:01:12,2021-02-03 10:02:04,2,"No",0
"3352","S18",20180302,"10:02:06","10:02:19","Short Call","med","0:00:13","10","20180302_10","S18_20180302",2021-02-03 10:02:06,2021-02-03 10:02:19,165,"No",0
"3362","S18",20180302,"10:05:04","10:06:00","Short Call","med","0:00:56","10","20180302_10","S18_20180302",2021-02-03 10:05:04,2021-02-03 10:06:00,352,"No",0
"3372","S18",20180302,"10:11:52","10:12:31","Short Call","med","0:00:39","10","20180302_10","S18_20180302",2021-02-03 10:11:52,2021-02-03 10:12:31,696,"No",0
"3382","S18",20180302,"10:24:07","10:24:39","Short Call","med","0:00:32","10","20180302_10","S18_20180302",2021-02-03 10:24:07,2021-02-03 10:24:39,4081,"No",0
"3392","S18",20180302,"11:32:40","11:33:38","Long Call","low","0:00:58","11","20180302_11","S18_20180302",2021-02-03 11:32:40,2021-02-03 11:33:38,-1,"Yes",1
"3402","S18",20180302,"11:33:37","11:34:34","Short Call","med","0:00:57","11","20180302_11","S18_20180302",2021-02-03 11:33:37,2021-02-03 11:34:34,247,"No",0
"3418","S18",20180302,"11:38:41","11:39:33","Short Call","low","0:00:52","11","20180302_11","S18_20180302",2021-02-03 11:38:41,2021-02-03 11:39:33,317,"No",0
"3422","S18",20180302,"11:44:50","11:46:15","Short Call","low","0:01:25","11","20180302_11","S18_20180302",2021-02-03 11:44:50,2021-02-03 11:46:15,171,"No",0
"3432","S18",20180302,"11:49:06","11:49:36","Short Call","low","0:00:30","11","20180302_11","S18_20180302",2021-02-03 11:49:06,2021-02-03 11:49:36,214,"No",0
"3442","S18",20180302,"11:53:10","11:53:20","Short Call","low","0:00:10","11","20180302_11","S18_20180302",2021-02-03 11:53:10,2021-02-03 11:53:20,1017,"No",0
"3452","S18",20180302,"12:10:17","12:11:24","Long Call","low","0:01:07","12","20180302_12","S18_20180302",2021-02-03 12:10:17,2021-02-03 12:11:24,132,"No",0
"3462","S18",20180302,"12:13:36","12:14:24","Short Call","low","0:00:48","12","20180302_12","S18_20180302",2021-02-03 12:13:36,2021-02-03 12:14:24,2086,"No",0
"3472","S18",20180302,"12:49:10","12:50:33","Short Call","med","0:01:23","12","20180302_12","S18_20180302",2021-02-03 12:49:10,2021-02-03 12:50:33,12225,"No",0
"3482","S18",20180302,"16:14:18","16:14:28","Short Call","med","0:00:10","16","20180302_16","S18_20180302",2021-02-03 16:14:18,2021-02-03 16:14:28,NA,"No",0
"3492","S18",20180303,"4:15:29","4:16:56","Long Call","low","0:01:27","04","20180303_04","S18_20180303",2021-02-03 04:15:29,2021-02-03 04:16:56,32,"No",0
"3502","S18",20180303,"4:17:28","4:18:55","Long Call","med","0:01:27","04","20180303_04","S18_20180303",2021-02-03 04:17:28,2021-02-03 04:18:55,14333,"No",0
"3518","S18",20180303,"8:17:48","8:19:01","Short Call","med","0:01:13","08","20180303_08","S18_20180303",2021-02-03 08:17:48,2021-02-03 08:19:01,52,"No",0
"3522","S18",20180303,"8:19:53","8:20:03","Short Call","low","0:00:10","08","20180303_08","S18_20180303",2021-02-03 08:19:53,2021-02-03 08:20:03,5554,"No",0
"3532","S18",20180303,"9:52:37","9:53:32","Short Call","med","0:00:55","09","20180303_09","S18_20180303",2021-02-03 09:52:37,2021-02-03 09:53:32,1168,"No",0
"3542","S18",20180303,"10:13:00","10:14:17","Short Call","med","0:01:17","10","20180303_10","S18_20180303",2021-02-03 10:13:00,2021-02-03 10:14:17,323,"No",0
"3552","S18",20180303,"10:19:40","10:20:43","Short Call","med","0:01:03","10","20180303_10","S18_20180303",2021-02-03 10:19:40,2021-02-03 10:20:43,783,"No",0
"3562","S18",20180303,"10:33:46","10:34:30","Short Call","med","0:00:44","10","20180303_10","S18_20180303",2021-02-03 10:33:46,2021-02-03 10:34:30,1171,"No",0
"3572","S18",20180303,"10:54:01","10:54:57","Short Call","med","0:00:56","10","20180303_10","S18_20180303",2021-02-03 10:54:01,2021-02-03 10:54:57,747,"No",0
"3582","S18",20180303,"11:07:24","11:08:33","Short Call","med","0:01:09","11","20180303_11","S18_20180303",2021-02-03 11:07:24,2021-02-03 11:08:33,29733,"No",0
"3592","S18",20180303,"19:24:06","19:24:14","Short Call","med","0:00:08","19","20180303_19","S18_20180303",2021-02-03 19:24:06,2021-02-03 19:24:14,NA,"No",0
"3601","S18",20180304,"3:09:42","3:12:00","Long Call","high","0:02:18","03","20180304_03","S18_20180304",2021-02-03 03:09:42,2021-02-03 03:12:00,17813,"No",0
"3618","S18",20180304,"8:08:53","8:09:31","Short Call","med","0:00:38","08","20180304_08","S18_20180304",2021-02-03 08:08:53,2021-02-03 08:09:31,205,"No",0
"3622","S18",20180304,"8:12:56","8:13:37","Short Call","med","0:00:41","08","20180304_08","S18_20180304",2021-02-03 08:12:56,2021-02-03 08:13:37,448,"No",0
"3632","S18",20180304,"8:21:05","8:21:29","Short Call","med","0:00:24","08","20180304_08","S18_20180304",2021-02-03 08:21:05,2021-02-03 08:21:29,9896,"No",0
"3642","S18",20180304,"11:06:25","11:09:24","Long Call","high","0:02:59","11","20180304_11","S18_20180304",2021-02-03 11:06:25,2021-02-03 11:09:24,-8,"No",0
"3652","S18",20180304,"11:09:16","11:10:17","Short Call","med","0:01:01","11","20180304_11","S18_20180304",2021-02-03 11:09:16,2021-02-03 11:10:17,410,"No",0
"3662","S18",20180304,"11:17:07","11:17:37","Short Call","med","0:00:30","11","20180304_11","S18_20180304",2021-02-03 11:17:07,2021-02-03 11:17:37,NA,"No",0
"3672","S18",20180305,"8:07:43","8:09:35","Short Call","med","0:01:52","08","20180305_08","S18_20180305",2021-02-03 08:07:43,2021-02-03 08:09:35,616,"No",0
"3682","S18",20180305,"8:19:51","8:20:47","Short Call","med","0:00:56","08","20180305_08","S18_20180305",2021-02-03 08:19:51,2021-02-03 08:20:47,1934,"No",0
"3692","S18",20180305,"8:53:01","8:53:38","Short Call","med","0:00:37","08","20180305_08","S18_20180305",2021-02-03 08:53:01,2021-02-03 08:53:38,353,"No",0
"3702","S18",20180305,"8:59:31","9:00:09","Short Call","med","0:00:38","08","20180305_08","S18_20180305",2021-02-03 08:59:31,2021-02-03 09:00:09,1155,"No",0
"3717","S18",20180305,"9:19:24","9:19:50","Short Call","med","0:00:26","09","20180305_09","S18_20180305",2021-02-03 09:19:24,2021-02-03 09:19:50,339,"No",0
"3722","S18",20180305,"9:25:29","9:26:01","Short Call","med","0:00:32","09","20180305_09","S18_20180305",2021-02-03 09:25:29,2021-02-03 09:26:01,288,"No",0
"3732","S18",20180305,"9:30:49","9:32:09","Long Call","low","0:01:20","09","20180305_09","S18_20180305",2021-02-03 09:30:49,2021-02-03 09:32:09,334,"No",0
"3742","S18",20180305,"9:37:43","9:38:42","Short Call","med","0:00:59","09","20180305_09","S18_20180305",2021-02-03 09:37:43,2021-02-03 09:38:42,582,"No",0
"3752","S18",20180305,"9:48:24","9:48:55","Short Call","med","0:00:31","09","20180305_09","S18_20180305",2021-02-03 09:48:24,2021-02-03 09:48:55,6752,"No",0
"3762","S18",20180305,"11:41:27","11:42:29","Short Call","med","0:01:02","11","20180305_11","S18_20180305",2021-02-03 11:41:27,2021-02-03 11:42:29,8356,"No",0
"3772","S18",20180305,"14:01:45","14:02:37","Short Call","med","0:00:52","14","20180305_14","S18_20180305",2021-02-03 14:01:45,2021-02-03 14:02:37,607,"No",0
"3782","S18",20180305,"14:12:44","14:13:40","Short Call","med","0:00:56","14","20180305_14","S18_20180305",2021-02-03 14:12:44,2021-02-03 14:13:40,47,"No",0
"3792","S18",20180305,"14:14:27","14:15:25","Short Call","low","0:00:58","14","20180305_14","S18_20180305",2021-02-03 14:14:27,2021-02-03 14:15:25,234,"No",0
"3802","S18",20180305,"14:19:19","14:20:29","Short Call","med","0:01:10","14","20180305_14","S18_20180305",2021-02-03 14:19:19,2021-02-03 14:20:29,607,"No",0
"3818","S18",20180305,"14:30:36","14:31:29","Short Call","med","0:00:53","14","20180305_14","S18_20180305",2021-02-03 14:30:36,2021-02-03 14:31:29,323,"No",0
"3822","S18",20180305,"14:36:52","14:38:12","Long Call","med","0:01:20","14","20180305_14","S18_20180305",2021-02-03 14:36:52,2021-02-03 14:38:12,-9,"No",0
"3832","S18",20180305,"14:38:03","14:38:59","Short Call","med","0:00:56","14","20180305_14","S18_20180305",2021-02-03 14:38:03,2021-02-03 14:38:59,266,"No",0
"3842","S18",20180305,"14:43:25","14:44:08","Short Call","low","0:00:43","14","20180305_14","S18_20180305",2021-02-03 14:43:25,2021-02-03 14:44:08,307,"No",0
"3852","S18",20180305,"14:49:15","14:50:00","Short Call","med","0:00:45","14","20180305_14","S18_20180305",2021-02-03 14:49:15,2021-02-03 14:50:00,14945,"No",0
"3862","S18",20180305,"18:59:05","19:00:45","Long Call","low","0:01:40","18","20180305_18","S18_20180305",2021-02-03 18:59:05,2021-02-03 19:00:45,175,"No",0
"3872","S18",20180305,"19:03:40","19:04:50","Long Call","high","0:01:10","19","20180305_19","S18_20180305",2021-02-03 19:03:40,2021-02-03 19:04:50,12,"No",0
"3882","S18",20180305,"19:05:02","19:07:06","Long Call","med","0:02:04","19","20180305_19","S18_20180305",2021-02-03 19:05:02,2021-02-03 19:07:06,7,"No",0
"3892","S18",20180305,"19:07:13","19:07:47","Short Call","low","0:00:34","19","20180305_19","S18_20180305",2021-02-03 19:07:13,2021-02-03 19:07:47,-43951,"No",0
"3902","S18",20180305,"6:55:16","6:56:10","Long Call","med","0:00:54","06","20180305_06","S18_20180305",2021-02-03 06:55:16,2021-02-03 06:56:10,12984,"No",0
"3918","S18",20180305,"10:32:34","10:33:19","Short Call","med","0:00:45","10","20180305_10","S18_20180305",2021-02-03 10:32:34,2021-02-03 10:33:19,1179,"No",0
"3922","S18",20180305,"10:52:58","10:53:16","Short Call","med","0:00:18","10","20180305_10","S18_20180305",2021-02-03 10:52:58,2021-02-03 10:53:16,4123,"No",0
"3932","S18",20180305,"12:01:59","12:02:47","Long Call","low","0:00:48","12","20180305_12","S18_20180305",2021-02-03 12:01:59,2021-02-03 12:02:47,-10,"No",0
"3942","S18",20180305,"12:02:37","12:03:25","Short Call","low","0:00:48","12","20180305_12","S18_20180305",2021-02-03 12:02:37,2021-02-03 12:03:25,43,"No",0
"3952","S18",20180305,"12:04:08","12:04:43","Short Call","med","0:00:35","12","20180305_12","S18_20180305",2021-02-03 12:04:08,2021-02-03 12:04:43,450,"No",0
"3962","S18",20180305,"12:12:13","12:12:52","Short Call","low","0:00:39","12","20180305_12","S18_20180305",2021-02-03 12:12:13,2021-02-03 12:12:52,433,"No",0
"3972","S18",20180305,"12:20:05","12:20:55","Short Call","low","0:00:50","12","20180305_12","S18_20180305",2021-02-03 12:20:05,2021-02-03 12:20:55,825,"No",0
"3982","S18",20180305,"12:34:40","12:35:21","Short Call","med","0:00:41","12","20180305_12","S18_20180305",2021-02-03 12:34:40,2021-02-03 12:35:21,57,"No",0
"3992","S18",20180305,"12:36:18","12:36:46","Short Call","low","0:00:28","12","20180305_12","S18_20180305",2021-02-03 12:36:18,2021-02-03 12:36:46,287,"No",0
"4002","S18",20180305,"12:41:33","12:42:11","Short Call","med","0:00:38","12","20180305_12","S18_20180305",2021-02-03 12:41:33,2021-02-03 12:42:11,94,"No",0
"4018","S18",20180305,"12:43:45","12:44:29","Short Call","low","0:00:44","12","20180305_12","S18_20180305",2021-02-03 12:43:45,2021-02-03 12:44:29,435,"No",0
"4022","S18",20180305,"12:51:44","12:52:20","Short Call","low","0:00:36","12","20180305_12","S18_20180305",2021-02-03 12:51:44,2021-02-03 12:52:20,345,"No",0
"4032","S18",20180305,"12:58:05","12:58:59","Short Call","med","0:00:54","12","20180305_12","S18_20180305",2021-02-03 12:58:05,2021-02-03 12:58:59,778,"No",0
"4042","S18",20180305,"13:11:57","13:12:35","Short Call","med","0:00:38","13","20180305_13","S18_20180305",2021-02-03 13:11:57,2021-02-03 13:12:35,21302,"No",0
"4052","S18",20180305,"19:07:37","19:09:07","Long Call","low","0:01:30","19","20180305_19","S18_20180305",2021-02-03 19:07:37,2021-02-03 19:09:07,NA,"No",0
"4062","S18",20180306,"6:55:10","6:56:10","Long Call","high","0:01:00","06","20180306_06","S18_20180306",2021-02-03 06:55:10,2021-02-03 06:56:10,12984,"No",0
"4072","S18",20180306,"10:32:34","10:33:19","Short Call","med","0:00:45","10","20180306_10","S18_20180306",2021-02-03 10:32:34,2021-02-03 10:33:19,1155,"No",0
"4081","S18",20180306,"10:52:34","10:53:17","Short Call","med","0:00:43","10","20180306_10","S18_20180306",2021-02-03 10:52:34,2021-02-03 10:53:17,4049,"No",0
"4091","S18",20180306,"12:00:46","12:01:24","Short Call","low","0:00:38","12","20180306_12","S18_20180306",2021-02-03 12:00:46,2021-02-03 12:01:24,12,"No",0
"4108","S18",20180306,"12:01:36","12:02:49","Long Call","low","0:01:13","12","20180306_12","S18_20180306",2021-02-03 12:01:36,2021-02-03 12:02:49,-12,"No",0
"4117","S18",20180306,"12:02:37","12:03:22","Short Call","low","0:00:45","12","20180306_12","S18_20180306",2021-02-03 12:02:37,2021-02-03 12:03:22,44,"No",0
"4121","S18",20180306,"12:04:06","12:04:43","Short Call","low","0:00:37","12","20180306_12","S18_20180306",2021-02-03 12:04:06,2021-02-03 12:04:43,451,"No",0
"4131","S18",20180306,"12:12:14","12:12:54","Short Call","low","0:00:40","12","20180306_12","S18_20180306",2021-02-03 12:12:14,2021-02-03 12:12:54,430,"No",0
"4141","S18",20180306,"12:20:04","12:20:53","Short Call","med","0:00:49","12","20180306_12","S18_20180306",2021-02-03 12:20:04,2021-02-03 12:20:53,60,"No",0
"4151","S18",20180306,"12:21:53","12:22:15","Short Call","low","0:00:22","12","20180306_12","S18_20180306",2021-02-03 12:21:53,2021-02-03 12:22:15,744,"No",0
"4161","S18",20180306,"12:34:39","12:35:18","Short Call","med","0:00:39","12","20180306_12","S18_20180306",2021-02-03 12:34:39,2021-02-03 12:35:18,59,"No",0
"4171","S18",20180306,"12:36:17","12:36:46","Short Call","med","0:00:29","12","20180306_12","S18_20180306",2021-02-03 12:36:17,2021-02-03 12:36:46,286,"No",0
"4181","S18",20180306,"12:41:32","12:42:11","Short Call","med","0:00:39","12","20180306_12","S18_20180306",2021-02-03 12:41:32,2021-02-03 12:42:11,92,"No",0
"4191","S18",20180306,"12:43:43","12:44:29","Short Call","low","0:00:46","12","20180306_12","S18_20180306",2021-02-03 12:43:43,2021-02-03 12:44:29,433,"No",0
"4201","S18",20180306,"12:51:42","12:52:20","Short Call","low","0:00:38","12","20180306_12","S18_20180306",2021-02-03 12:51:42,2021-02-03 12:52:20,346,"No",0
"4217","S18",20180306,"12:58:06","12:58:58","Short Call","med","0:00:52","12","20180306_12","S18_20180306",2021-02-03 12:58:06,2021-02-03 12:58:58,780,"No",0
"4221","S18",20180306,"13:11:58","13:12:35","Short Call","med","0:00:37","13","20180306_13","S18_20180306",2021-02-03 13:11:58,2021-02-03 13:12:35,21302,"No",0
"4231","S18",20180306,"19:07:37","19:09:07","Long Call","med","0:01:30","19","20180306_19","S18_20180306",2021-02-03 19:07:37,2021-02-03 19:09:07,NA,"No",0
"4241","S18",20180308,"4:07:19","4:08:52","Long Call","med","0:01:33","04","20180308_04","S18_20180308",2021-02-03 04:07:19,2021-02-03 04:08:52,11115,"No",0
"4251","S18",20180308,"7:14:07","7:15:05","Long Call","med","0:00:58","07","20180308_07","S18_20180308",2021-02-03 07:14:07,2021-02-03 07:15:05,-20,"No",0
"4261","S18",20180308,"7:14:45","7:15:43","Short Call","med","0:00:58","07","20180308_07","S18_20180308",2021-02-03 07:14:45,2021-02-03 07:15:43,4087,"No",0
"4271","S18",20180308,"8:23:50","8:24:38","Short Call","med","0:00:48","08","20180308_08","S18_20180308",2021-02-03 08:23:50,2021-02-03 08:24:38,391,"No",0
"4281","S18",20180308,"8:31:09","8:32:33","Long Call","high","0:01:24","08","20180308_08","S18_20180308",2021-02-03 08:31:09,2021-02-03 08:32:33,1,"No",0
"4291","S18",20180308,"8:32:34","8:33:14","Short Call","med","0:00:40","08","20180308_08","S18_20180308",2021-02-03 08:32:34,2021-02-03 08:33:14,-2,"Yes",1
"4301","S18",20180308,"8:33:12","8:34:04","Long Call","low","0:00:52","08","20180308_08","S18_20180308",2021-02-03 08:33:12,2021-02-03 08:34:04,12,"No",0
"4317","S18",20180308,"8:34:16","8:35:09","Short Call","med","0:00:53","08","20180308_08","S18_20180308",2021-02-03 08:34:16,2021-02-03 08:35:09,77,"No",0
"4321","S18",20180308,"8:36:26","8:37:31","Long Call","low","0:01:05","08","20180308_08","S18_20180308",2021-02-03 08:36:26,2021-02-03 08:37:31,31,"No",0
"4331","S18",20180308,"8:38:02","8:38:54","Short Call","low","0:00:52","08","20180308_08","S18_20180308",2021-02-03 08:38:02,2021-02-03 08:38:54,6,"No",0
"4341","S18",20180308,"8:39:00","8:40:05","Short Call","med","0:01:05","08","20180308_08","S18_20180308",2021-02-03 08:39:00,2021-02-03 08:40:05,165,"No",0
"4351","S18",20180308,"8:42:50","8:43:50","Short Call","low","0:01:00","08","20180308_08","S18_20180308",2021-02-03 08:42:50,2021-02-03 08:43:50,471,"No",0
"4361","S18",20180308,"8:51:41","8:52:20","Short Call","low","0:00:39","08","20180308_08","S18_20180308",2021-02-03 08:51:41,2021-02-03 08:52:20,267,"No",0
"4371","S18",20180308,"8:56:47","8:57:30","Short Call","low","0:00:43","08","20180308_08","S18_20180308",2021-02-03 08:56:47,2021-02-03 08:57:30,2080,"No",0
"4381","S18",20180308,"9:32:10","9:33:15","Long Call","med","0:01:05","09","20180308_09","S18_20180308",2021-02-03 09:32:10,2021-02-03 09:33:15,705,"No",0
"4391","S18",20180308,"9:45:00","9:46:28","Long Call","high","0:01:28","09","20180308_09","S18_20180308",2021-02-03 09:45:00,2021-02-03 09:46:28,1876,"No",0
"4401","S18",20180308,"10:17:44","10:20:39","Long Call","high","0:02:55","10","20180308_10","S18_20180308",2021-02-03 10:17:44,2021-02-03 10:20:39,2541,"No",0
"4417","S18",20180308,"11:03:00","11:03:12","Short Call","high","0:00:12","11","20180308_11","S18_20180308",2021-02-03 11:03:00,2021-02-03 11:03:12,36852,"No",0
"4421","S18",20180308,"21:17:24","21:17:38","Short Call","high","0:00:14","21","20180308_21","S18_20180308",2021-02-03 21:17:24,2021-02-03 21:17:38,0,"Yes",1
"4431","S18",20180308,"21:17:38","21:18:58","Long Call","med","0:01:20","21","20180308_21","S18_20180308",2021-02-03 21:17:38,2021-02-03 21:18:58,NA,"No",0
"4441","S18",20180309,"10:01:44","10:03:04","Long Call","low","0:01:20","10","20180309_10","S18_20180309",2021-02-03 10:01:44,2021-02-03 10:03:04,-7,"No",0
"4451","S18",20180309,"10:02:57","10:04:12","Short Call","med","0:01:15","10","20180309_10","S18_20180309",2021-02-03 10:02:57,2021-02-03 10:04:12,16329,"No",0
"4461","S18",20180309,"14:36:21","14:37:58","Long Call","med","0:01:37","14","20180309_14","S18_20180309",2021-02-03 14:36:21,2021-02-03 14:37:58,15209,"No",0
"4471","S18",20180309,"18:51:27","18:52:51","Long Call","high","0:01:24","18","20180309_18","S18_20180309",2021-02-03 18:51:27,2021-02-03 18:52:51,29,"No",0
"4481","S18",20180309,"18:53:20","18:55:28","Long Call","high","0:02:08","18","20180309_18","S18_20180309",2021-02-03 18:53:20,2021-02-03 18:55:28,31,"No",0
"4491","S18",20180309,"18:55:59","18:57:20","Long Call","low","0:01:21","18","20180309_18","S18_20180309",2021-02-03 18:55:59,2021-02-03 18:57:20,-3,"Yes",1
"4501","S18",20180309,"18:57:17","18:58:33","Long Call","med","0:01:16","18","20180309_18","S18_20180309",2021-02-03 18:57:17,2021-02-03 18:58:33,-4,"Yes",1
"4517","S18",20180309,"18:58:29","19:00:13","Long Call","low","0:01:44","18","20180309_18","S18_20180309",2021-02-03 18:58:29,2021-02-03 19:00:13,-9,"No",0
"4521","S18",20180309,"19:00:04","19:01:40","Short Call","med","0:01:36","19","20180309_19","S18_20180309",2021-02-03 19:00:04,2021-02-03 19:01:40,NA,"No",0
"4541","S18",20180310,"6:47:32","6:48:55","Long Call","med","0:01:23","06","20180310_06","S18_20180310",2021-02-03 06:47:32,2021-02-03 06:48:55,887,"No",0
"4551","S18",20180310,"7:03:42","7:05:08","Long Call","high","0:01:26","07","20180310_07","S18_20180310",2021-02-03 07:03:42,2021-02-03 07:05:08,211,"No",0
"4561","S18",20180310,"7:08:39","7:08:55","Short Call","med","0:00:16","07","20180310_07","S18_20180310",2021-02-03 07:08:39,2021-02-03 07:08:55,6136,"No",0
"4571","S18",20180310,"8:51:11","8:51:55","Short Call","low","0:00:44","08","20180310_08","S18_20180310",2021-02-03 08:51:11,2021-02-03 08:51:55,59,"No",0
"4581","S18",20180310,"8:52:54","8:53:43","Short Call","med","0:00:49","08","20180310_08","S18_20180310",2021-02-03 08:52:54,2021-02-03 08:53:43,60,"No",0
"4591","S18",20180310,"8:54:43","8:55:11","Short Call","med","0:00:28","08","20180310_08","S18_20180310",2021-02-03 08:54:43,2021-02-03 08:55:11,358,"No",0
"4601","S18",20180310,"9:01:09","9:02:29","Short Call","med","0:01:20","09","20180310_09","S18_20180310",2021-02-03 09:01:09,2021-02-03 09:02:29,807,"No",0
"4617","S18",20180310,"9:15:56","9:17:29","Short Call","med","0:01:33","09","20180310_09","S18_20180310",2021-02-03 09:15:56,2021-02-03 09:17:29,1262,"No",0
"4621","S18",20180310,"9:38:31","9:39:15","Short Call","med","0:00:44","09","20180310_09","S18_20180310",2021-02-03 09:38:31,2021-02-03 09:39:15,367,"No",0
"4631","S18",20180310,"9:45:22","9:46:06","Short Call","med","0:00:44","09","20180310_09","S18_20180310",2021-02-03 09:45:22,2021-02-03 09:46:06,252,"No",0
"4641","S18",20180310,"9:50:18","9:50:56","Short Call","med","0:00:38","09","20180310_09","S18_20180310",2021-02-03 09:50:18,2021-02-03 09:50:56,1122,"No",0
"4651","S18",20180310,"10:09:38","10:09:57","Short Call","med","0:00:19","10","20180310_10","S18_20180310",2021-02-03 10:09:38,2021-02-03 10:09:57,965,"No",0
"4661","S18",20180310,"10:26:02","10:26:49","Short Call","med","0:00:47","10","20180310_10","S18_20180310",2021-02-03 10:26:02,2021-02-03 10:26:49,883,"No",0
"4671","S18",20180310,"10:41:32","10:42:15","Short Call","med","0:00:43","10","20180310_10","S18_20180310",2021-02-03 10:41:32,2021-02-03 10:42:15,384,"No",0
"4681","S18",20180310,"10:48:39","10:49:16","Short Call","med","0:00:37","10","20180310_10","S18_20180310",2021-02-03 10:48:39,2021-02-03 10:49:16,394,"No",0
"4691","S18",20180310,"10:55:50","10:56:41","Short Call","med","0:00:51","10","20180310_10","S18_20180310",2021-02-03 10:55:50,2021-02-03 10:56:41,859,"No",0
"4701","S18",20180310,"11:11:00","11:11:33","Short Call","med","0:00:33","11","20180310_11","S18_20180310",2021-02-03 11:11:00,2021-02-03 11:11:33,18986,"No",0
"4717","S18",20180310,"16:27:59","16:29:50","Long Call","med","0:01:51","16","20180310_16","S18_20180310",2021-02-03 16:27:59,2021-02-03 16:29:50,8932,"No",0
"4721","S18",20180310,"18:58:42","19:00:00","Long Call","low","0:01:18","18","20180310_18","S18_20180310",2021-02-03 18:58:42,2021-02-03 19:00:00,140,"No",0
"4731","S18",20180310,"19:02:20","19:03:46","Long Call","high","0:01:26","19","20180310_19","S18_20180310",2021-02-03 19:02:20,2021-02-03 19:03:46,105,"No",0
"4741","S18",20180310,"19:05:31","19:07:14","Long Call","med","0:01:43","19","20180310_19","S18_20180310",2021-02-03 19:05:31,2021-02-03 19:07:14,NA,"No",0
"4751","S18",20180311,"19:05:25","19:07:04","Long Call","low","0:01:39","19","20180311_19","S18_20180311",2021-02-03 19:05:25,2021-02-03 19:07:04,57,"No",0
"4761","S18",20180311,"19:08:01","19:09:13","Long Call","low","0:01:12","19","20180311_19","S18_20180311",2021-02-03 19:08:01,2021-02-03 19:09:13,NA,"No",0
"4771","S18",20180312,"3:00:23","3:02:17","Long Call","low","0:01:54","03","20180312_03","S18_20180312",2021-02-03 03:00:23,2021-02-03 03:02:17,537,"No",0
"4781","S18",20180312,"3:11:14","3:12:40","Long Call","low","0:01:26","03","20180312_03","S18_20180312",2021-02-03 03:11:14,2021-02-03 03:12:40,82,"No",0
"4791","S18",20180312,"3:14:02","3:15:34","Long Call","med","0:01:32","03","20180312_03","S18_20180312",2021-02-03 03:14:02,2021-02-03 03:15:34,22920,"No",0
"4801","S18",20180312,"9:37:34","9:38:36","Short Call","med","0:01:02","09","20180312_09","S18_20180312",2021-02-03 09:37:34,2021-02-03 09:38:36,822,"No",0
"4817","S18",20180312,"9:52:18","9:53:20","Short Call","med","0:01:02","09","20180312_09","S18_20180312",2021-02-03 09:52:18,2021-02-03 09:53:20,32580,"No",0
"4821","S18",20180312,"18:56:20","18:57:52","Long Call","low","0:01:32","18","20180312_18","S18_20180312",2021-02-03 18:56:20,2021-02-03 18:57:52,21,"No",0
"4831","S18",20180312,"18:58:13","18:59:33","Long Call","med","0:01:20","18","20180312_18","S18_20180312",2021-02-03 18:58:13,2021-02-03 18:59:33,NA,"No",0
"4841","S18",20180313,"8:57:01","8:57:54","Short Call","med","0:00:53","08","20180313_08","S18_20180313",2021-02-03 08:57:01,2021-02-03 08:57:54,554,"No",0
"4851","S18",20180313,"9:07:08","9:07:40","Short Call","med","0:00:32","09","20180313_09","S18_20180313",2021-02-03 09:07:08,2021-02-03 09:07:40,149,"No",0
"4861","S18",20180313,"9:10:09","9:11:31","Long Call","low","0:01:22","09","20180313_09","S18_20180313",2021-02-03 09:10:09,2021-02-03 09:11:31,-17,"No",0
"4871","S18",20180313,"9:11:14","9:12:30","Short Call","med","0:01:16","09","20180313_09","S18_20180313",2021-02-03 09:11:14,2021-02-03 09:12:30,504,"No",0
"4881","S18",20180313,"9:20:54","9:21:42","Short Call","med","0:00:48","09","20180313_09","S18_20180313",2021-02-03 09:20:54,2021-02-03 09:21:42,313,"No",0
"4891","S18",20180313,"9:26:55","9:28:10","Long Call","low","0:01:15","09","20180313_09","S18_20180313",2021-02-03 09:26:55,2021-02-03 09:28:10,48,"No",0
"4901","S18",20180313,"9:28:58","9:30:37","Long Call","med","0:01:39","09","20180313_09","S18_20180313",2021-02-03 09:28:58,2021-02-03 09:30:37,186,"No",0
"4917","S18",20180313,"9:33:43","9:35:49","Short Call","med","0:02:06","09","20180313_09","S18_20180313",2021-02-03 09:33:43,2021-02-03 09:35:49,983,"No",0
"4921","S18",20180313,"9:52:12","9:52:58","Short Call","med","0:00:46","09","20180313_09","S18_20180313",2021-02-03 09:52:12,2021-02-03 09:52:58,2202,"No",0
"4931","S18",20180313,"10:29:40","10:31:17","Short Call","med","0:01:37","10","20180313_10","S18_20180313",2021-02-03 10:29:40,2021-02-03 10:31:17,443,"No",0
"4941","S18",20180313,"10:38:40","10:39:13","Short Call","med","0:00:33","10","20180313_10","S18_20180313",2021-02-03 10:38:40,2021-02-03 10:39:13,29650,"No",0
"4951","S18",20180313,"18:53:23","18:54:30","Long Call","med","0:01:07","18","20180313_18","S18_20180313",2021-02-03 18:53:23,2021-02-03 18:54:30,39,"No",0
"4961","S18",20180313,"18:55:09","18:56:10","Long Call","med","0:01:01","18","20180313_18","S18_20180313",2021-02-03 18:55:09,2021-02-03 18:56:10,NA,"No",0
"4971","S18",20180314,"7:03:28","7:03:43","Short Call","high","0:00:15","07","20180314_07","S18_20180314",2021-02-03 07:03:28,2021-02-03 07:03:43,905,"No",0
"4981","S18",20180314,"7:18:48","7:19:42","Short Call","med","0:00:54","07","20180314_07","S18_20180314",2021-02-03 07:18:48,2021-02-03 07:19:42,536,"No",0
"4991","S18",20180314,"7:28:38","7:29:46","Long Call","low","0:01:08","07","20180314_07","S18_20180314",2021-02-03 07:28:38,2021-02-03 07:29:46,-11,"No",0
"5001","S18",20180314,"7:29:35","7:30:31","Short Call","med","0:00:56","07","20180314_07","S18_20180314",2021-02-03 07:29:35,2021-02-03 07:30:31,232,"No",0
"5016","S18",20180314,"7:34:23","7:35:19","Short Call","med","0:00:56","07","20180314_07","S18_20180314",2021-02-03 07:34:23,2021-02-03 07:35:19,549,"No",0
"5021","S18",20180314,"7:44:28","7:45:09","Short Call","med","0:00:41","07","20180314_07","S18_20180314",2021-02-03 07:44:28,2021-02-03 07:45:09,577,"No",0
"5031","S18",20180314,"7:54:46","7:56:33","Short Call","med","0:01:47","07","20180314_07","S18_20180314",2021-02-03 07:54:46,2021-02-03 07:56:33,2164,"No",0
"5041","S18",20180314,"8:32:37","8:34:03","Short Call","med","0:01:26","08","20180314_08","S18_20180314",2021-02-03 08:32:37,2021-02-03 08:34:03,12057,"No",0
"5051","S18",20180314,"11:55:00","11:56:28","Long Call","med","0:01:28","11","20180314_11","S18_20180314",2021-02-03 11:55:00,2021-02-03 11:56:28,NA,"No",0
"5061","S18",20180315,"3:45:05","3:46:28","Long Call","high","0:01:23","03","20180315_03","S18_20180315",2021-02-03 03:45:05,2021-02-03 03:46:28,23,"No",0
"5071","S18",20180315,"3:46:51","3:48:14","Long Call","low","0:01:23","03","20180315_03","S18_20180315",2021-02-03 03:46:51,2021-02-03 03:48:14,-23,"No",0
"5081","S18",20180315,"3:47:51","3:49:19","Long Call","high","0:01:28","03","20180315_03","S18_20180315",2021-02-03 03:47:51,2021-02-03 03:49:19,83,"No",0
"5091","S18",20180315,"3:50:42","3:52:09","Long Call","high","0:01:27","03","20180315_03","S18_20180315",2021-02-03 03:50:42,2021-02-03 03:52:09,12962,"No",0
"5105","S18",20180315,"7:28:11","7:29:35","Short Call","med","0:01:24","07","20180315_07","S18_20180315",2021-02-03 07:28:11,2021-02-03 07:29:35,111,"No",0
"5116","S18",20180315,"7:31:26","7:32:43","Long Call","med","0:01:17","07","20180315_07","S18_20180315",2021-02-03 07:31:26,2021-02-03 07:32:43,-9,"No",0
"5121","S18",20180315,"7:32:34","7:33:44","Short Call","med","0:01:10","07","20180315_07","S18_20180315",2021-02-03 07:32:34,2021-02-03 07:33:44,889,"No",0
"5131","S18",20180315,"7:48:33","7:49:18","Short Call","med","0:00:45","07","20180315_07","S18_20180315",2021-02-03 07:48:33,2021-02-03 07:49:18,2353,"No",0
"5141","S18",20180315,"8:28:31","8:29:36","Short Call","med","0:01:05","08","20180315_08","S18_20180315",2021-02-03 08:28:31,2021-02-03 08:29:36,1364,"No",0
"5151","S18",20180315,"8:52:20","8:53:34","Short Call","med","0:01:14","08","20180315_08","S18_20180315",2021-02-03 08:52:20,2021-02-03 08:53:34,1373,"No",0
"5161","S18",20180315,"9:16:27","9:17:17","Short Call","med","0:00:50","09","20180315_09","S18_20180315",2021-02-03 09:16:27,2021-02-03 09:17:17,704,"No",0
"5171","S18",20180315,"9:29:01","9:29:32","Short Call","med","0:00:31","09","20180315_09","S18_20180315",2021-02-03 09:29:01,2021-02-03 09:29:32,882,"No",0
"5181","S18",20180315,"9:44:14","9:46:15","Short Call","med","0:02:01","09","20180315_09","S18_20180315",2021-02-03 09:44:14,2021-02-03 09:46:15,152,"No",0
"5191","S18",20180315,"9:48:47","9:49:17","Short Call","med","0:00:30","09","20180315_09","S18_20180315",2021-02-03 09:48:47,2021-02-03 09:49:17,348,"No",0
"5201","S18",20180315,"9:55:05","9:55:57","Short Call","med","0:00:52","09","20180315_09","S18_20180315",2021-02-03 09:55:05,2021-02-03 09:55:57,NA,"No",0
"5216","S18",20180316,"8:33:32","8:35:01","Long Call","med","0:01:29","08","20180316_08","S18_20180316",2021-02-03 08:33:32,2021-02-03 08:35:01,20048,"No",0
"5221","S18",20180316,"14:09:09","14:11:23","Long Call","high","0:02:14","14","20180316_14","S18_20180316",2021-02-03 14:09:09,2021-02-03 14:11:23,NA,"No",0
"5231","S18",20180317,"4:30:09","4:31:39","Long Call","high","0:01:30","04","20180317_04","S18_20180317",2021-02-03 04:30:09,2021-02-03 04:31:39,-3,"Yes",1
"5241","S18",20180317,"4:31:36","4:32:47","Long Call","med","0:01:11","04","20180317_04","S18_20180317",2021-02-03 04:31:36,2021-02-03 04:32:47,25,"No",0
"5251","S18",20180317,"4:33:12","4:34:31","Long Call","med","0:01:19","04","20180317_04","S18_20180317",2021-02-03 04:33:12,2021-02-03 04:34:31,28701,"No",0
"5261","S18",20180317,"12:32:52","12:34:13","Long Call","med","0:01:21","12","20180317_12","S18_20180317",2021-02-03 12:32:52,2021-02-03 12:34:13,22945,"No",0
"5271","S18",20180317,"18:56:38","18:58:47","Long Call","low","0:02:09","18","20180317_18","S18_20180317",2021-02-03 18:56:38,2021-02-03 18:58:47,31,"No",0
"5281","S18",20180317,"18:59:18","19:00:28","Long Call","med","0:01:10","18","20180317_18","S18_20180317",2021-02-03 18:59:18,2021-02-03 19:00:28,-4,"Yes",1
"5291","S18",20180317,"19:00:24","19:01:25","Short Call","low","0:01:01","19","20180317_19","S18_20180317",2021-02-03 19:00:24,2021-02-03 19:01:25,4,"No",0
"5301","S18",20180317,"19:01:29","19:03:00","Long Call","low","0:01:31","19","20180317_19","S18_20180317",2021-02-03 19:01:29,2021-02-03 19:03:00,2,"No",0
"5316","S18",20180317,"19:03:02","19:04:24","Long Call","high","0:01:22","19","20180317_19","S18_20180317",2021-02-03 19:03:02,2021-02-03 19:04:24,NA,"No",0
"5331","S18",20180318,"7:37:35","7:38:35","Short Call","med","0:01:00","07","20180318_07","S18_20180318",2021-02-03 07:37:35,2021-02-03 07:38:35,721,"No",0
"5341","S18",20180318,"7:50:36","7:51:20","Short Call","med","0:00:44","07","20180318_07","S18_20180318",2021-02-03 07:50:36,2021-02-03 07:51:20,6438,"No",0
"5351","S18",20180318,"9:38:38","9:39:35","Short Call","med","0:00:57","09","20180318_09","S18_20180318",2021-02-03 09:38:38,2021-02-03 09:39:35,820,"No",0
"5361","S18",20180318,"9:53:15","9:53:44","Short Call","med","0:00:29","09","20180318_09","S18_20180318",2021-02-03 09:53:15,2021-02-03 09:53:44,2243,"No",0
"5371","S18",20180318,"10:31:07","10:32:21","Short Call","med","0:01:14","10","20180318_10","S18_20180318",2021-02-03 10:31:07,2021-02-03 10:32:21,1023,"No",0
"5381","S18",20180318,"10:49:24","10:49:59","Short Call","med","0:00:35","10","20180318_10","S18_20180318",2021-02-03 10:49:24,2021-02-03 10:49:59,544,"No",0
"5391","S18",20180318,"10:59:03","10:59:40","Short Call","med","0:00:37","10","20180318_10","S18_20180318",2021-02-03 10:59:03,2021-02-03 10:59:40,397,"No",0
"5401","S18",20180318,"11:06:17","11:06:50","Short Call","med","0:00:33","11","20180318_11","S18_20180318",2021-02-03 11:06:17,2021-02-03 11:06:50,NA,"No",0
"5416","S18",20180319,"7:34:11","7:35:04","Short Call","med","0:00:53","07","20180319_07","S18_20180319",2021-02-03 07:34:11,2021-02-03 07:35:04,1009,"No",0
"5421","S18",20180319,"7:51:53","7:52:37","Short Call","med","0:00:44","07","20180319_07","S18_20180319",2021-02-03 07:51:53,2021-02-03 07:52:37,2322,"No",0
"5431","S18",20180319,"8:31:19","8:32:33","Long Call","high","0:01:14","08","20180319_08","S18_20180319",2021-02-03 08:31:19,2021-02-03 08:32:33,0,"Yes",1
"5441","S18",20180319,"8:32:33","8:33:26","Short Call","med","0:00:53","08","20180319_08","S18_20180319",2021-02-03 08:32:33,2021-02-03 08:33:26,2424,"No",0
"5451","S18",20180319,"9:13:50","9:15:30","Short Call","med","0:01:40","09","20180319_09","S18_20180319",2021-02-03 09:13:50,2021-02-03 09:15:30,2079,"No",0
"5461","S18",20180319,"9:50:09","9:50:54","Short Call","med","0:00:45","09","20180319_09","S18_20180319",2021-02-03 09:50:09,2021-02-03 09:50:54,NA,"No",0
"5471","S18",20180320,"6:49:06","6:50:00","Long Call","low","0:00:54","06","20180320_06","S18_20180320",2021-02-03 06:49:06,2021-02-03 06:50:00,2679,"No",0
"5481","S18",20180320,"7:34:39","7:34:50","Short Call","high","0:00:11","07","20180320_07","S18_20180320",2021-02-03 07:34:39,2021-02-03 07:34:50,614,"No",0
"5491","S18",20180320,"7:45:04","7:46:25","Short Call","med","0:01:21","07","20180320_07","S18_20180320",2021-02-03 07:45:04,2021-02-03 07:46:25,333,"No",0
"5501","S18",20180320,"7:51:58","7:53:17","Short Call","med","0:01:19","07","20180320_07","S18_20180320",2021-02-03 07:51:58,2021-02-03 07:53:17,1171,"No",0
"5516","S18",20180320,"8:12:48","8:14:13","Long Call","low","0:01:25","08","20180320_08","S18_20180320",2021-02-03 08:12:48,2021-02-03 08:14:13,4100,"No",0
"5521","S18",20180320,"9:22:33","9:23:31","Short Call","med","0:00:58","09","20180320_09","S18_20180320",2021-02-03 09:22:33,2021-02-03 09:23:31,34672,"No",0
"5531","S18",20180320,"19:01:23","19:02:52","Long Call","med","0:01:29","19","20180320_19","S18_20180320",2021-02-03 19:01:23,2021-02-03 19:02:52,185,"No",0
"5541","S18",20180320,"19:05:57","19:07:33","Long Call","low","0:01:36","19","20180320_19","S18_20180320",2021-02-03 19:05:57,2021-02-03 19:07:33,NA,"No",0
"5551","S18",20180321,"8:03:38","8:04:29","Long Call","med","0:00:51","08","20180321_08","S18_20180321",2021-02-03 08:03:38,2021-02-03 08:04:29,226,"No",0
"5561","S18",20180321,"8:08:15","8:08:31","Short Call","med","0:00:16","08","20180321_08","S18_20180321",2021-02-03 08:08:15,2021-02-03 08:08:31,3,"No",0
"5571","S18",20180321,"8:08:34","8:09:22","Long Call","med","0:00:48","08","20180321_08","S18_20180321",2021-02-03 08:08:34,2021-02-03 08:09:22,1341,"No",0
"5581","S18",20180321,"8:31:43","8:32:46","Short Call","med","0:01:03","08","20180321_08","S18_20180321",2021-02-03 08:31:43,2021-02-03 08:32:46,1097,"No",0
"5591","S18",20180321,"8:51:03","8:51:30","Short Call","med","0:00:27","08","20180321_08","S18_20180321",2021-02-03 08:51:03,2021-02-03 08:51:30,8807,"No",0
"5601","S18",20180321,"11:18:17","11:19:30","Short Call","med","0:01:13","11","20180321_11","S18_20180321",2021-02-03 11:18:17,2021-02-03 11:19:30,790,"No",0
"5615","S18",20180321,"11:32:40","11:33:43","Long Call","med","0:01:03","11","20180321_11","S18_20180321",2021-02-03 11:32:40,2021-02-03 11:33:43,28,"No",0
"5621","S18",20180321,"11:34:11","11:34:43","Short Call","med","0:00:32","11","20180321_11","S18_20180321",2021-02-03 11:34:11,2021-02-03 11:34:43,29,"No",0
"5631","S18",20180321,"11:35:12","11:36:24","Short Call","med","0:01:12","11","20180321_11","S18_20180321",2021-02-03 11:35:12,2021-02-03 11:36:24,114,"No",0
"5641","S18",20180321,"11:38:18","11:39:16","Short Call","med","0:00:58","11","20180321_11","S18_20180321",2021-02-03 11:38:18,2021-02-03 11:39:16,26282,"No",0
"5651","S18",20180321,"18:57:18","18:58:48","Long Call","high","0:01:30","18","20180321_18","S18_20180321",2021-02-03 18:57:18,2021-02-03 18:58:48,47,"No",0
"5661","S18",20180321,"18:59:35","19:01:27","Short Call","med","0:01:52","18","20180321_18","S18_20180321",2021-02-03 18:59:35,2021-02-03 19:01:27,NA,"No",0
"5671","S18",20180322,"4:27:09","4:28:39","Long Call","high","0:01:30","04","20180322_04","S18_20180322",2021-02-03 04:27:09,2021-02-03 04:28:39,164,"No",0
"5681","S18",20180322,"4:31:23","4:32:29","Long Call","low","0:01:06","04","20180322_04","S18_20180322",2021-02-03 04:31:23,2021-02-03 04:32:29,-16,"No",0
"5691","S18",20180322,"4:32:13","4:33:08","Short Call","med","0:00:55","04","20180322_04","S18_20180322",2021-02-03 04:32:13,2021-02-03 04:33:08,53,"No",0
"5701","S18",20180322,"4:34:01","4:34:45","Short Call","med","0:00:44","04","20180322_04","S18_20180322",2021-02-03 04:34:01,2021-02-03 04:34:45,8849,"No",0
"5715","S18",20180322,"7:02:14","7:03:24","Short Call","med","0:01:10","07","20180322_07","S18_20180322",2021-02-03 07:02:14,2021-02-03 07:03:24,692,"No",0
"5721","S18",20180322,"7:14:56","7:15:31","Short Call","med","0:00:35","07","20180322_07","S18_20180322",2021-02-03 07:14:56,2021-02-03 07:15:31,3967,"No",0
"5731","S18",20180322,"8:21:38","8:22:37","Long Call","low","0:00:59","08","20180322_08","S18_20180322",2021-02-03 08:21:38,2021-02-03 08:22:37,1034,"No",0
"5741","S18",20180322,"8:39:51","8:41:13","Long Call","low","0:01:22","08","20180322_08","S18_20180322",2021-02-03 08:39:51,2021-02-03 08:41:13,19,"No",0
"5751","S18",20180322,"8:41:32","8:42:30","Short Call","med","0:00:58","08","20180322_08","S18_20180322",2021-02-03 08:41:32,2021-02-03 08:42:30,552,"No",0
"5761","S18",20180322,"8:51:42","8:52:33","Short Call","med","0:00:51","08","20180322_08","S18_20180322",2021-02-03 08:51:42,2021-02-03 08:52:33,230,"No",0
"5771","S18",20180322,"8:56:23","8:57:26","Long Call","high","0:01:03","08","20180322_08","S18_20180322",2021-02-03 08:56:23,2021-02-03 08:57:26,-12,"No",0
"5781","S18",20180322,"8:57:14","8:57:57","Short Call","med","0:00:43","08","20180322_08","S18_20180322",2021-02-03 08:57:14,2021-02-03 08:57:57,202,"No",0
"5791","S18",20180322,"9:01:19","9:02:33","Short Call","low","0:01:14","09","20180322_09","S18_20180322",2021-02-03 09:01:19,2021-02-03 09:02:33,293,"No",0
"5801","S18",20180322,"9:07:26","9:08:01","Short Call","low","0:00:35","09","20180322_09","S18_20180322",2021-02-03 09:07:26,2021-02-03 09:08:01,NA,"No",0
"5815","S18",20180323,"4:11:42","4:13:48","Long Call","high","0:02:06","04","20180323_04","S18_20180323",2021-02-03 04:11:42,2021-02-03 04:13:48,-6,"No",0
"5821","S18",20180323,"4:13:42","4:15:13","Long Call","high","0:01:31","04","20180323_04","S18_20180323",2021-02-03 04:13:42,2021-02-03 04:15:13,11828,"No",0
"5831","S18",20180323,"7:32:21","7:33:19","Long Call","med","0:00:58","07","20180323_07","S18_20180323",2021-02-03 07:32:21,2021-02-03 07:33:19,-23,"No",0
"5841","S18",20180323,"7:32:56","7:34:23","Short Call","med","0:01:27","07","20180323_07","S18_20180323",2021-02-03 07:32:56,2021-02-03 07:34:23,2219,"No",0
"5851","S18",20180323,"8:11:22","8:12:31","Long Call","high","0:01:09","08","20180323_08","S18_20180323",2021-02-03 08:11:22,2021-02-03 08:12:31,-10,"No",0
"5861","S18",20180323,"8:12:21","8:13:12","Short Call","med","0:00:51","08","20180323_08","S18_20180323",2021-02-03 08:12:21,2021-02-03 08:13:12,NA,"No",0
"5871","S18",20180324,"4:36:57","4:38:34","Long Call","high","0:01:37","04","20180324_04","S18_20180324",2021-02-03 04:36:57,2021-02-03 04:38:34,8434,"No",0
"5881","S18",20180324,"6:59:08","7:00:07","Short Call","med","0:00:59","06","20180324_06","S18_20180324",2021-02-03 06:59:08,2021-02-03 07:00:07,173,"No",0
"5891","S18",20180324,"7:03:00","7:04:22","Short Call","med","0:01:22","07","20180324_07","S18_20180324",2021-02-03 07:03:00,2021-02-03 07:04:22,300,"No",0
"5901","S18",20180324,"7:09:22","7:10:50","Long Call","low","0:01:28","07","20180324_07","S18_20180324",2021-02-03 07:09:22,2021-02-03 07:10:50,-29,"No",0
"5914","S18",20180324,"7:10:21","7:11:28","Short Call","med","0:01:07","07","20180324_07","S18_20180324",2021-02-03 07:10:21,2021-02-03 07:11:28,2588,"No",0
"5921","S18",20180324,"7:54:36","7:55:27","Short Call","med","0:00:51","07","20180324_07","S18_20180324",2021-02-03 07:54:36,2021-02-03 07:55:27,7082,"No",0
"5931","S18",20180324,"9:53:29","9:53:55","Short Call","med","0:00:26","09","20180324_09","S18_20180324",2021-02-03 09:53:29,2021-02-03 09:53:55,1584,"No",0
"5941","S18",20180324,"10:20:19","10:21:25","Long Call","low","0:01:06","10","20180324_10","S18_20180324",2021-02-03 10:20:19,2021-02-03 10:21:25,354,"No",0
"5951","S18",20180324,"10:27:19","10:28:07","Short Call","med","0:00:48","10","20180324_10","S18_20180324",2021-02-03 10:27:19,2021-02-03 10:28:07,4331,"No",0
"5961","S18",20180324,"11:40:18","11:41:33","Short Call","med","0:01:15","11","20180324_11","S18_20180324",2021-02-03 11:40:18,2021-02-03 11:41:33,61,"No",0
"5971","S18",20180324,"11:42:34","11:43:30","Short Call","med","0:00:56","11","20180324_11","S18_20180324",2021-02-03 11:42:34,2021-02-03 11:43:30,438,"No",0
"5981","S18",20180324,"11:50:48","11:51:19","Short Call","med","0:00:31","11","20180324_11","S18_20180324",2021-02-03 11:50:48,2021-02-03 11:51:19,NA,"No",0
"5991","S18",20180325,"3:27:07","3:28:35","Long Call","high","0:01:28","03","20180325_03","S18_20180325",2021-02-03 03:27:07,2021-02-03 03:28:35,59,"No",0
"6001","S18",20180325,"3:29:34","3:30:35","Long Call","med","0:01:01","03","20180325_03","S18_20180325",2021-02-03 03:29:34,2021-02-03 03:30:35,-4,"Yes",1
"6011","S18",20180325,"3:30:31","3:31:21","Long Call","low","0:00:50","03","20180325_03","S18_20180325",2021-02-03 03:30:31,2021-02-03 03:31:21,15163,"No",0
"6021","S18",20180325,"7:44:04","7:44:46","Short Call","med","0:00:42","07","20180325_07","S18_20180325",2021-02-03 07:44:04,2021-02-03 07:44:46,638,"No",0
"6031","S18",20180325,"7:55:24","7:55:52","Short Call","med","0:00:28","07","20180325_07","S18_20180325",2021-02-03 07:55:24,2021-02-03 07:55:52,4161,"No",0
"6041","S18",20180325,"9:05:13","9:06:16","Short Call","med","0:01:03","09","20180325_09","S18_20180325",2021-02-03 09:05:13,2021-02-03 09:06:16,309,"No",0
"605","S18",20180325,"9:11:25","9:12:33","Short Call","med","0:01:08","09","20180325_09","S18_20180325",2021-02-03 09:11:25,2021-02-03 09:12:33,270,"No",0
"6061","S18",20180325,"9:17:03","9:17:50","Short Call","med","0:00:47","09","20180325_09","S18_20180325",2021-02-03 09:17:03,2021-02-03 09:17:50,426,"No",0
"6071","S18",20180325,"9:24:56","9:25:29","Short Call","med","0:00:33","09","20180325_09","S18_20180325",2021-02-03 09:24:56,2021-02-03 09:25:29,657,"No",0
"6081","S18",20180325,"9:36:26","9:36:55","Short Call","med","0:00:29","09","20180325_09","S18_20180325",2021-02-03 09:36:26,2021-02-03 09:36:55,6925,"No",0
"6091","S18",20180325,"11:32:20","11:32:55","Short Call","med","0:00:35","11","20180325_11","S18_20180325",2021-02-03 11:32:20,2021-02-03 11:32:55,729,"No",0
"6101","S18",20180325,"11:45:04","11:45:48","Short Call","med","0:00:44","11","20180325_11","S18_20180325",2021-02-03 11:45:04,2021-02-03 11:45:48,591,"No",0
"6115","S18",20180325,"11:55:39","11:56:07","Short Call","med","0:00:28","11","20180325_11","S18_20180325",2021-02-03 11:55:39,2021-02-03 11:56:07,913,"No",0
"6121","S18",20180325,"12:11:20","12:11:58","Short Call","med","0:00:38","12","20180325_12","S18_20180325",2021-02-03 12:11:20,2021-02-03 12:11:58,NA,"No",0
"6131","S18",20180327,"7:34:36","7:36:03","Short Call","high","0:01:27","07","20180327_07","S18_20180327",2021-02-03 07:34:36,2021-02-03 07:36:03,-15,"No",0
"6141","S18",20180327,"7:35:48","7:36:50","Short Call","med","0:01:02","07","20180327_07","S18_20180327",2021-02-03 07:35:48,2021-02-03 07:36:50,42,"No",0
"6151","S18",20180327,"7:37:32","7:38:19","Short Call","med","0:00:47","07","20180327_07","S18_20180327",2021-02-03 07:37:32,2021-02-03 07:38:19,3943,"No",0
"6161","S18",20180327,"8:44:02","8:44:26","Short Call","med","0:00:24","08","20180327_08","S18_20180327",2021-02-03 08:44:02,2021-02-03 08:44:26,6648,"No",0
"6171","S18",20180327,"10:35:14","10:36:44","Long Call","high","0:01:30","10","20180327_10","S18_20180327",2021-02-03 10:35:14,2021-02-03 10:36:44,551,"No",0
"6181","S18",20180327,"10:45:55","10:46:55","Long Call","low","0:01:00","10","20180327_10","S18_20180327",2021-02-03 10:45:55,2021-02-03 10:46:55,4053,"No",0
"6191","S18",20180327,"11:54:28","11:56:54","Long Call","med","0:02:26","11","20180327_11","S18_20180327",2021-02-03 11:54:28,2021-02-03 11:56:54,11475,"No",0
"6201","S18",20180327,"15:08:09","15:09:04","Short Call","med","0:00:55","15","20180327_15","S18_20180327",2021-02-03 15:08:09,2021-02-03 15:09:04,NA,"No",0
"6215","S18",20180328,"3:31:08","3:32:41","Long Call","low","0:01:33","03","20180328_03","S18_20180328",2021-02-03 03:31:08,2021-02-03 03:32:41,161,"No",0
"6221","S18",20180328,"3:35:22","3:37:17","Long Call","low","0:01:55","03","20180328_03","S18_20180328",2021-02-03 03:35:22,2021-02-03 03:37:17,12315,"No",0
"6231","S18",20180328,"7:02:32","7:03:51","Short Call","med","0:01:19","07","20180328_07","S18_20180328",2021-02-03 07:02:32,2021-02-03 07:03:51,NA,"No",0
"6241","S18",20180329,"4:02:54","4:04:33","Long Call","low","0:01:39","04","20180329_04","S18_20180329",2021-02-03 04:02:54,2021-02-03 04:04:33,13016,"No",0
"6251","S18",20180329,"7:41:29","7:42:03","Short Call","med","0:00:34","07","20180329_07","S18_20180329",2021-02-03 07:41:29,2021-02-03 07:42:03,629,"No",0
"6261","S18",20180329,"7:52:32","7:53:24","Short Call","med","0:00:52","07","20180329_07","S18_20180329",2021-02-03 07:52:32,2021-02-03 07:53:24,2009,"No",0
"6271","S18",20180329,"8:26:53","8:28:15","Long Call","low","0:01:22","08","20180329_08","S18_20180329",2021-02-03 08:26:53,2021-02-03 08:28:15,-11,"No",0
"6281","S18",20180329,"8:28:04","8:29:07","Short Call","med","0:01:03","08","20180329_08","S18_20180329",2021-02-03 08:28:04,2021-02-03 08:29:07,568,"No",0
"6291","S18",20180329,"8:38:35","8:39:48","Short Call","med","0:01:13","08","20180329_08","S18_20180329",2021-02-03 08:38:35,2021-02-03 08:39:48,595,"No",0
"6301","S18",20180329,"8:49:43","8:50:28","Short Call","med","0:00:45","08","20180329_08","S18_20180329",2021-02-03 08:49:43,2021-02-03 08:50:28,4124,"No",0
"6315","S18",20180329,"9:59:12","10:00:21","Long Call","low","0:01:09","09","20180329_09","S18_20180329",2021-02-03 09:59:12,2021-02-03 10:00:21,-14,"No",0
"6321","S18",20180329,"10:00:07","10:01:28","Short Call","med","0:01:21","10","20180329_10","S18_20180329",2021-02-03 10:00:07,2021-02-03 10:01:28,753,"No",0
"6331","S18",20180329,"10:14:01","10:14:49","Short Call","med","0:00:48","10","20180329_10","S18_20180329",2021-02-03 10:14:01,2021-02-03 10:14:49,43,"No",0
"6341","S18",20180329,"10:15:32","10:16:02","Short Call","med","0:00:30","10","20180329_10","S18_20180329",2021-02-03 10:15:32,2021-02-03 10:16:02,19588,"No",0
"6351","S18",20180329,"15:42:30","15:44:10","Long Call","med","0:01:40","15","20180329_15","S18_20180329",2021-02-03 15:42:30,2021-02-03 15:44:10,NA,"No",0
"6361","S18",20180330,"7:48:10","7:49:24","Short Call","med","0:01:14","07","20180330_07","S18_20180330",2021-02-03 07:48:10,2021-02-03 07:49:24,-12474,"No",0
"6371","S18",20180330,"4:21:30","4:23:01","Long Call","high","0:01:31","04","20180330_04","S18_20180330",2021-02-03 04:21:30,2021-02-03 04:23:01,56,"No",0
"6381","S18",20180330,"4:23:57","4:25:44","Long Call","low","0:01:47","04","20180330_04","S18_20180330",2021-02-03 04:23:57,2021-02-03 04:25:44,8824,"No",0
"6391","S18",20180330,"6:52:48","6:54:17","Short Call","med","0:01:29","06","20180330_06","S18_20180330",2021-02-03 06:52:48,2021-02-03 06:54:17,365,"No",0
"6401","S18",20180330,"7:00:22","7:01:15","Short Call","med","0:00:53","07","20180330_07","S18_20180330",2021-02-03 07:00:22,2021-02-03 07:01:15,626,"No",0
"6415","S18",20180330,"7:11:41","7:12:34","Short Call","med","0:00:53","07","20180330_07","S18_20180330",2021-02-03 07:11:41,2021-02-03 07:12:34,635,"No",0
"6421","S18",20180330,"7:23:09","7:25:37","Long Call","low","0:02:28","07","20180330_07","S18_20180330",2021-02-03 07:23:09,2021-02-03 07:25:37,-94,"No",0
"6431","S18",20180330,"7:24:03","7:24:34","Short Call","med","0:00:31","07","20180330_07","S18_20180330",2021-02-03 07:24:03,2021-02-03 07:24:34,63,"No",0
"6441","S18",20180330,"7:25:37","7:26:33","Short Call","med","0:00:56","07","20180330_07","S18_20180330",2021-02-03 07:25:37,2021-02-03 07:26:33,831,"No",0
"6451","S18",20180330,"7:40:24","7:41:25","Short Call","med","0:01:01","07","20180330_07","S18_20180330",2021-02-03 07:40:24,2021-02-03 07:41:25,631,"No",0
"6461","S18",20180330,"7:51:56","7:52:40","Short Call","med","0:00:44","07","20180330_07","S18_20180330",2021-02-03 07:51:56,2021-02-03 07:52:40,2393,"No",0
"6471","S18",20180330,"8:32:33","8:33:16","Short Call","med","0:00:43","08","20180330_08","S18_20180330",2021-02-03 08:32:33,2021-02-03 08:33:16,466,"No",0
"6481","S18",20180330,"8:41:02","8:41:34","Short Call","med","0:00:32","08","20180330_08","S18_20180330",2021-02-03 08:41:02,2021-02-03 08:41:34,944,"No",0
"6491","S18",20180330,"8:57:18","8:57:49","Short Call","med","0:00:31","08","20180330_08","S18_20180330",2021-02-03 08:57:18,2021-02-03 08:57:49,671,"No",0
"6501","S18",20180330,"9:09:00","9:09:16","Short Call","med","0:00:16","09","20180330_09","S18_20180330",2021-02-03 09:09:00,2021-02-03 09:09:16,1739,"No",0
"6515","S18",20180330,"9:38:15","9:39:17","Long Call","low","0:01:02","09","20180330_09","S18_20180330",2021-02-03 09:38:15,2021-02-03 09:39:17,-5,"No",0
"6521","S18",20180330,"9:39:12","9:40:43","Short Call","med","0:01:31","09","20180330_09","S18_20180330",2021-02-03 09:39:12,2021-02-03 09:40:43,922,"No",0
"6531","S18",20180330,"9:56:05","9:56:31","Short Call","med","0:00:26","09","20180330_09","S18_20180330",2021-02-03 09:56:05,2021-02-03 09:56:31,8164,"No",0
"6541","S18",20180330,"12:12:35","12:14:03","Short Call","med","0:01:28","12","20180330_12","S18_20180330",2021-02-03 12:12:35,2021-02-03 12:14:03,24367,"No",0
"6551","S18",20180330,"19:00:10","19:02:37","Short Call","med","0:02:27","19","20180330_19","S18_20180330",2021-02-03 19:00:10,2021-02-03 19:02:37,265,"No",0
"6561","S18",20180330,"19:07:02","19:08:32","Long Call","low","0:01:30","19","20180330_19","S18_20180330",2021-02-03 19:07:02,2021-02-03 19:08:32,NA,"No",0
"6571","S18",20180401,"6:58:59","7:00:07","Long Call","high","0:01:08","06","20180401_06","S18_20180401",2021-02-03 06:58:59,2021-02-03 07:00:07,-20,"No",0
"6581","S18",20180401,"6:59:47","7:01:38","Short Call","med","0:01:51","06","20180401_06","S18_20180401",2021-02-03 06:59:47,2021-02-03 07:01:38,2105,"No",0
"6591","S18",20180401,"7:36:43","7:37:34","Short Call","med","0:00:51","07","20180401_07","S18_20180401",2021-02-03 07:36:43,2021-02-03 07:37:34,387,"No",0
"6601","S18",20180401,"7:44:01","7:45:15","Short Call","med","0:01:14","07","20180401_07","S18_20180401",2021-02-03 07:44:01,2021-02-03 07:45:15,208,"No",0
"6615","S18",20180401,"7:48:43","7:49:29","Long Call","low","0:00:46","07","20180401_07","S18_20180401",2021-02-03 07:48:43,2021-02-03 07:49:29,6,"No",0
"6621","S18",20180401,"7:49:35","7:50:14","Short Call","med","0:00:39","07","20180401_07","S18_20180401",2021-02-03 07:49:35,2021-02-03 07:50:14,116,"No",0
"6631","S18",20180401,"7:52:10","7:53:19","Short Call","med","0:01:09","07","20180401_07","S18_20180401",2021-02-03 07:52:10,2021-02-03 07:53:19,1454,"No",0
"6641","S18",20180401,"8:17:33","8:18:17","Short Call","med","0:00:44","08","20180401_08","S18_20180401",2021-02-03 08:17:33,2021-02-03 08:18:17,570,"No",0
"6651","S18",20180401,"8:27:47","8:28:51","Short Call","med","0:01:04","08","20180401_08","S18_20180401",2021-02-03 08:27:47,2021-02-03 08:28:51,4165,"No",0
"6661","S18",20180401,"9:38:16","9:39:05","Short Call","med","0:00:49","09","20180401_09","S18_20180401",2021-02-03 09:38:16,2021-02-03 09:39:05,3580,"No",0
"6671","S18",20180401,"10:38:45","10:39:30","Short Call","med","0:00:45","10","20180401_10","S18_20180401",2021-02-03 10:38:45,2021-02-03 10:39:30,2216,"No",0
"6681","S18",20180401,"11:16:26","11:17:45","Long Call","low","0:01:19","11","20180401_11","S18_20180401",2021-02-03 11:16:26,2021-02-03 11:17:45,44,"No",0
"6691","S18",20180401,"11:18:29","11:19:35","Long Call","low","0:01:06","11","20180401_11","S18_20180401",2021-02-03 11:18:29,2021-02-03 11:19:35,-15,"No",0
"6701","S18",20180401,"11:19:20","11:20:33","Short Call","med","0:01:13","11","20180401_11","S18_20180401",2021-02-03 11:19:20,2021-02-03 11:20:33,27769,"No",0
"6715","S18",20180401,"19:03:22","19:04:52","Long Call","high","0:01:30","19","20180401_19","S18_20180401",2021-02-03 19:03:22,2021-02-03 19:04:52,1,"No",0
"6721","S18",20180401,"19:04:53","19:06:00","Long Call","high","0:01:07","19","20180401_19","S18_20180401",2021-02-03 19:04:53,2021-02-03 19:06:00,8,"No",0
"6731","S18",20180401,"19:06:08","19:07:44","Long Call","low","0:01:36","19","20180401_19","S18_20180401",2021-02-03 19:06:08,2021-02-03 19:07:44,NA,"No",0
"1125","S19",20180214,"4:50:25","4:51:40","Long Call","high","0:01:15","04","20180214_04","S19_20180214",2021-02-03 04:50:25,2021-02-03 04:51:40,51862,"No",0
"2120","S19",20180214,"19:16:02","19:17:09","Long Call","high","0:01:07","19","20180214_19","S19_20180214",2021-02-03 19:16:02,2021-02-03 19:17:09,NA,"No",0
"3119","S19",20180216,"3:40:07","3:41:15","Long Call","high","0:01:08","03","20180216_03","S19_20180216",2021-02-03 03:40:07,2021-02-03 03:41:15,9,"No",0
"4109","S19",20180216,"3:41:24","3:42:39","Long Call","low","0:01:15","03","20180216_03","S19_20180216",2021-02-03 03:41:24,2021-02-03 03:42:39,90,"No",0
"5106","S19",20180216,"3:44:09","3:45:21","Long Call","high","0:01:12","03","20180216_03","S19_20180216",2021-02-03 03:44:09,2021-02-03 03:45:21,55544,"No",0
"698","S19",20180216,"19:11:05","19:12:26","Long Call","high","0:01:21","19","20180216_19","S19_20180216",2021-02-03 19:11:05,2021-02-03 19:12:26,NA,"No",0
"726","S19",20180217,"4:51:21","4:52:27","Long Call","high","0:01:06","04","20180217_04","S19_20180217",2021-02-03 04:51:21,2021-02-03 04:52:27,0,"Yes",1
"826","S19",20180219,"16:28:59","16:30:18","Long Call","med","0:01:19","16","20180219_16","S19_20180219",2021-02-03 16:28:59,2021-02-03 16:30:18,9606,"No",0
"926","S19",20180219,"19:10:24","19:12:17","Short Call","low","0:01:53","19","20180219_19","S19_20180219",2021-02-03 19:10:24,2021-02-03 19:12:17,-83,"No",0
"1026","S19",20180219,"19:10:54","19:12:02","Long Call","high","0:01:08","19","20180219_19","S19_20180219",2021-02-03 19:10:54,2021-02-03 19:12:02,NA,"No",0
"1126","S19",20180220,"15:56:19","15:57:18","Long Call","med","0:00:59","15","20180220_15","S19_20180220",2021-02-03 15:56:19,2021-02-03 15:57:18,891,"No",0
"1220","S19",20180220,"16:12:09","16:13:27","Long Call","high","0:01:18","16","20180220_16","S19_20180220",2021-02-03 16:12:09,2021-02-03 16:13:27,10100,"No",0
"1320","S19",20180220,"19:01:47","19:02:49","Long Call","high","0:01:02","19","20180220_19","S19_20180220",2021-02-03 19:01:47,2021-02-03 19:02:49,NA,"No",0
"1420","S19",20180221,"4:24:35","4:25:44","Long Call","high","0:01:09","04","20180221_04","S19_20180221",2021-02-03 04:24:35,2021-02-03 04:25:44,10048,"No",0
"1520","S19",20180221,"7:13:12","7:14:16","Long Call","med","0:01:04","07","20180221_07","S19_20180221",2021-02-03 07:13:12,2021-02-03 07:14:16,7,"No",0
"1620","S19",20180221,"7:14:23","7:15:24","Long Call","med","0:01:01","07","20180221_07","S19_20180221",2021-02-03 07:14:23,2021-02-03 07:15:24,42792,"No",0
"1720","S19",20180221,"19:08:36","19:09:45","Long Call","low","0:01:09","19","20180221_19","S19_20180221",2021-02-03 19:08:36,2021-02-03 19:09:45,NA,"No",0
"1820","S19",20180222,"14:11:27","14:12:31","Long Call","high","0:01:04","14","20180222_14","S19_20180222",2021-02-03 14:11:27,2021-02-03 14:12:31,16872,"No",0
"1920","S19",20180222,"18:53:43","18:54:48","Long Call","high","0:01:05","18","20180222_18","S19_20180222",2021-02-03 18:53:43,2021-02-03 18:54:48,NA,"No",0
"2020","S19",20180224,"2:59:33","3:00:56","Long Call","med","0:01:23","02","20180224_02","S19_20180224",2021-02-03 02:59:33,2021-02-03 03:00:56,30,"No",0
"2124","S19",20180224,"3:01:26","3:02:35","Long Call","high","0:01:09","03","20180224_03","S19_20180224",2021-02-03 03:01:26,2021-02-03 03:02:35,17058,"No",0
"2220","S19",20180224,"7:46:53","7:47:58","Long Call","med","0:01:05","07","20180224_07","S19_20180224",2021-02-03 07:46:53,2021-02-03 07:47:58,NA,"No",0
"2319","S19",20180225,"19:34:06","19:35:21","Long Call","high","0:01:15","19","20180225_19","S19_20180225",2021-02-03 19:34:06,2021-02-03 19:35:21,0,"Yes",1
"2420","S19",20180227,"4:15:59","4:17:09","Long Call","high","0:01:10","04","20180227_04","S19_20180227",2021-02-03 04:15:59,2021-02-03 04:17:09,25078,"No",0
"2519","S19",20180227,"11:15:07","11:16:23","Long Call","high","0:01:16","11","20180227_11","S19_20180227",2021-02-03 11:15:07,2021-02-03 11:16:23,107,"No",0
"2619","S19",20180227,"11:18:10","11:19:20","Long Call","low","0:01:10","11","20180227_11","S19_20180227",2021-02-03 11:18:10,2021-02-03 11:19:20,NA,"No",0
"2720","S19",20180228,"11:48:59","11:50:05","Long Call","med","0:01:06","11","20180228_11","S19_20180228",2021-02-03 11:48:59,2021-02-03 11:50:05,0,"Yes",1
"2818","S19",20180302,"9:27:19","9:28:20","Long Call","med","0:01:01","09","20180302_09","S19_20180302",2021-02-03 09:27:19,2021-02-03 09:28:20,24,"No",0
"2920","S19",20180302,"9:28:44","9:29:43","Long Call","med","0:00:59","09","20180302_09","S19_20180302",2021-02-03 09:28:44,2021-02-03 09:29:43,4714,"No",0
"3020","S19",20180302,"10:48:17","10:49:25","Long Call","med","0:01:08","10","20180302_10","S19_20180302",2021-02-03 10:48:17,2021-02-03 10:49:25,NA,"No",0
"3120","S19",20180303,"8:00:00","8:01:06","Long Call","high","0:01:06","08","20180303_08","S19_20180303",2021-02-03 08:00:00,2021-02-03 08:01:06,1909,"No",0
"3218","S19",20180303,"8:32:55","8:33:57","Long Call","low","0:01:02","08","20180303_08","S19_20180303",2021-02-03 08:32:55,2021-02-03 08:33:57,NA,"No",0
"3319","S19",20180304,"3:12:37","3:13:39","Long Call","high","0:01:02","03","20180304_03","S19_20180304",2021-02-03 03:12:37,2021-02-03 03:13:39,14841,"No",0
"3419","S19",20180304,"7:21:00","7:22:03","Long Call","high","0:01:03","07","20180304_07","S19_20180304",2021-02-03 07:21:00,2021-02-03 07:22:03,3453,"No",0
"3519","S19",20180304,"8:19:36","8:20:35","Long Call","med","0:00:59","08","20180304_08","S19_20180304",2021-02-03 08:19:36,2021-02-03 08:20:35,NA,"No",0
"3619","S19",20180305,"0:21:39","0:22:58","Long Call","low","0:01:19","00","20180305_00","S19_20180305",2021-02-03 00:21:39,2021-02-03 00:22:58,46,"No",0
"3718","S19",20180305,"0:23:44","0:24:58","Long Call","med","0:01:14","00","20180305_00","S19_20180305",2021-02-03 00:23:44,2021-02-03 00:24:58,28336,"No",0
"3819","S19",20180305,"8:17:14","8:18:09","Long Call","med","0:00:55","08","20180305_08","S19_20180305",2021-02-03 08:17:14,2021-02-03 08:18:09,8036,"No",0
"3919","S19",20180305,"10:32:05","10:33:12","Long Call","med","0:01:07","10","20180305_10","S19_20180305",2021-02-03 10:32:05,2021-02-03 10:33:12,30363,"No",0
"4019","S19",20180305,"18:59:15","19:00:25","Long Call","high","0:01:10","18","20180305_18","S19_20180305",2021-02-03 18:59:15,2021-02-03 19:00:25,40,"No",0
"4118","S19",20180305,"19:01:05","19:02:35","Short Call","low","0:01:30","19","20180305_19","S19_20180305",2021-02-03 19:01:05,2021-02-03 19:02:35,NA,"No",0
"4218","S19",20180306,"15:47:13","15:48:20","Long Call","med","0:01:07","15","20180306_15","S19_20180306",2021-02-03 15:47:13,2021-02-03 15:48:20,11613,"No",0
"4318","S19",20180306,"19:01:53","19:02:59","Long Call","high","0:01:06","19","20180306_19","S19_20180306",2021-02-03 19:01:53,2021-02-03 19:02:59,NA,"No",0
"4418","S19",20180307,"4:23:02","4:24:21","Long Call","high","0:01:19","04","20180307_04","S19_20180307",2021-02-03 04:23:02,2021-02-03 04:24:21,0,"Yes",1
"4518","S19",20180308,"9:13:18","9:14:27","Long Call","med","0:01:09","09","20180308_09","S19_20180308",2021-02-03 09:13:18,2021-02-03 09:14:27,6,"No",0
"4618","S19",20180308,"9:14:33","9:15:39","Long Call","med","0:01:06","09","20180308_09","S19_20180308",2021-02-03 09:14:33,2021-02-03 09:15:39,7285,"No",0
"4718","S19",20180308,"11:17:04","11:18:05","Long Call","med","0:01:01","11","20180308_11","S19_20180308",2021-02-03 11:17:04,2021-02-03 11:18:05,NA,"No",0
"4818","S19",20180309,"15:08:23","15:09:27","Long Call","med","0:01:04","15","20180309_15","S19_20180309",2021-02-03 15:08:23,2021-02-03 15:09:27,13275,"No",0
"4918","S19",20180309,"18:50:42","18:55:05","Short Call","high","0:04:23","18","20180309_18","S19_20180309",2021-02-03 18:50:42,2021-02-03 18:55:05,-146,"No",0
"5017","S19",20180309,"18:52:39","18:53:52","Long Call","high","0:01:13","18","20180309_18","S19_20180309",2021-02-03 18:52:39,2021-02-03 18:53:52,NA,"No",0
"5117","S19",20180310,"7:11:51","7:13:07","Long Call","high","0:01:16","07","20180310_07","S19_20180310",2021-02-03 07:11:51,2021-02-03 07:13:07,42303,"No",0
"5217","S19",20180310,"18:58:10","18:59:14","Long Call","high","0:01:04","18","20180310_18","S19_20180310",2021-02-03 18:58:10,2021-02-03 18:59:14,-1,"Yes",1
"5317","S19",20180310,"18:59:13","18:59:50","Short Call","high","0:00:37","18","20180310_18","S19_20180310",2021-02-03 18:59:13,2021-02-03 18:59:50,NA,"No",0
"5417","S19",20180311,"16:58:44","16:59:44","Long Call","high","0:01:00","16","20180311_16","S19_20180311",2021-02-03 16:58:44,2021-02-03 16:59:44,7108,"No",0
"5517","S19",20180311,"18:58:12","19:00:15","Short Call","low","0:02:03","18","20180311_18","S19_20180311",2021-02-03 18:58:12,2021-02-03 19:00:15,-101,"No",0
"5616","S19",20180311,"18:58:34","18:59:43","Long Call","high","0:01:09","18","20180311_18","S19_20180311",2021-02-03 18:58:34,2021-02-03 18:59:43,NA,"No",0
"5716","S19",20180312,"4:51:12","4:52:27","Long Call","high","0:01:15","04","20180312_04","S19_20180312",2021-02-03 04:51:12,2021-02-03 04:52:27,0,"Yes",1
"5816","S19",20180313,"13:47:09","13:48:19","Long Call","high","0:01:10","13","20180313_13","S19_20180313",2021-02-03 13:47:09,2021-02-03 13:48:19,11198,"No",0
"5915","S19",20180313,"16:54:57","16:56:11","Long Call","high","0:01:14","16","20180313_16","S19_20180313",2021-02-03 16:54:57,2021-02-03 16:56:11,7314,"No",0
"6012","S19",20180313,"18:58:05","18:58:16","Short Call","high","0:00:11","18","20180313_18","S19_20180313",2021-02-03 18:58:05,2021-02-03 18:58:16,NA,"No",0
"6116","S19",20180314,"3:48:34","3:49:47","Short Call","med","0:01:13","03","20180314_03","S19_20180314",2021-02-03 03:48:34,2021-02-03 03:49:47,11667,"No",0
"6216","S19",20180314,"7:04:14","7:05:26","Long Call","med","0:01:12","07","20180314_07","S19_20180314",2021-02-03 07:04:14,2021-02-03 07:05:26,28,"No",0
"6316","S19",20180314,"7:05:54","7:07:04","Long Call","med","0:01:10","07","20180314_07","S19_20180314",2021-02-03 07:05:54,2021-02-03 07:07:04,1072,"No",0
"6416","S19",20180314,"7:24:56","7:25:56","Long Call","med","0:01:00","07","20180314_07","S19_20180314",2021-02-03 07:24:56,2021-02-03 07:25:56,NA,"No",0
"6516","S19",20180315,"3:55:25","3:56:46","Long Call","med","0:01:21","03","20180315_03","S19_20180315",2021-02-03 03:55:25,2021-02-03 03:56:46,20621,"No",0
"6616","S19",20180315,"9:40:27","9:42:38","Long Call","high","0:02:11","09","20180315_09","S19_20180315",2021-02-03 09:40:27,2021-02-03 09:42:38,NA,"No",0
"6716","S19",20180317,"8:02:51","8:03:54","Long Call","med","0:01:03","08","20180317_08","S19_20180317",2021-02-03 08:02:51,2021-02-03 08:03:54,11071,"No",0
"6813","S19",20180317,"11:08:25","11:09:35","Long Call","med","0:01:10","11","20180317_11","S19_20180317",2021-02-03 11:08:25,2021-02-03 11:09:35,27767,"No",0
"699","S19",20180317,"18:52:22","18:53:36","Long Call","med","0:01:14","18","20180317_18","S19_20180317",2021-02-03 18:52:22,2021-02-03 18:53:36,NA,"No",0
"706","S19",20180318,"5:25:25","5:26:40","Long Call","med","0:01:15","05","20180318_05","S19_20180318",2021-02-03 05:25:25,2021-02-03 05:26:40,18877,"No",0
"7112","S19",20180318,"10:41:17","10:42:29","Long Call","low","0:01:12","10","20180318_10","S19_20180318",2021-02-03 10:41:17,2021-02-03 10:42:29,31063,"No",0
"727","S19",20180318,"19:20:12","19:21:24","Long Call","high","0:01:12","19","20180318_19","S19_20180318",2021-02-03 19:20:12,2021-02-03 19:21:24,-287,"No",0
"736","S19",20180318,"19:16:37","19:17:51","Long Call","low","0:01:14","19","20180318_19","S19_20180318",2021-02-03 19:16:37,2021-02-03 19:17:51,NA,"No",0
"746","S19",20180320,"19:03:21","19:04:29","Long Call","high","0:01:08","19","20180320_19","S19_20180320",2021-02-03 19:03:21,2021-02-03 19:04:29,0,"Yes",1
"756","S19",20180321,"2:46:26","2:47:41","Long Call","high","0:01:15","02","20180321_02","S19_20180321",2021-02-03 02:46:26,2021-02-03 02:47:41,0,"Yes",1
"766","S19",20180323,"7:38:59","7:40:39","Long Call","high","0:01:40","07","20180323_07","S19_20180323",2021-02-03 07:38:59,2021-02-03 07:40:39,0,"Yes",1
"776","S19",20180324,"4:39:39","4:40:46","Long Call","high","0:01:07","04","20180324_04","S19_20180324",2021-02-03 04:39:39,2021-02-03 04:40:46,0,"Yes",1
"786","S19",20180325,"19:14:42","19:15:58","Long Call","high","0:01:16","19","20180325_19","S19_20180325",2021-02-03 19:14:42,2021-02-03 19:15:58,1,"No",0
"796","S19",20180325,"19:15:59","19:16:42","Short Call","med","0:00:43","19","20180325_19","S19_20180325",2021-02-03 19:15:59,2021-02-03 19:16:42,NA,"No",0
"806","S19",20180326,"14:00:46","14:01:58","Long Call","med","0:01:12","14","20180326_14","S19_20180326",2021-02-03 14:00:46,2021-02-03 14:01:58,0,"Yes",1
"8112","S19",20180327,"7:01:18","7:03:12","Long Call","med","0:01:54","07","20180327_07","S19_20180327",2021-02-03 07:01:18,2021-02-03 07:03:12,4202,"No",0
"827","S19",20180327,"8:13:14","8:14:25","Long Call","low","0:01:11","08","20180327_08","S19_20180327",2021-02-03 08:13:14,2021-02-03 08:14:25,26621,"No",0
"836","S19",20180327,"15:38:06","15:39:05","Long Call","low","0:00:59","15","20180327_15","S19_20180327",2021-02-03 15:38:06,2021-02-03 15:39:05,774,"No",0
"846","S19",20180327,"15:51:59","15:53:02","Long Call","med","0:01:03","15","20180327_15","S19_20180327",2021-02-03 15:51:59,2021-02-03 15:53:02,NA,"No",0
"856","S19",20180328,"5:18:37","5:19:45","Long Call","high","0:01:08","05","20180328_05","S19_20180328",2021-02-03 05:18:37,2021-02-03 05:19:45,0,"Yes",1
"866","S19",20180330,"9:30:46","9:31:53","Long Call","med","0:01:07","09","20180330_09","S19_20180330",2021-02-03 09:30:46,2021-02-03 09:31:53,0,"Yes",1
"876","S19",20180405,"19:11:08","19:12:17","Long Call","med","0:01:09","19","20180405_19","S19_20180405",2021-02-03 19:11:08,2021-02-03 19:12:17,0,"Yes",1
"886","S19",20180406,"18:59:36","19:00:31","Short Call","low","0:00:55","18","20180406_18","S19_20180406",2021-02-03 18:59:36,2021-02-03 19:00:31,81,"No",0
"896","S19",20180406,"19:01:52","19:03:02","Long Call","high","0:01:10","19","20180406_19","S19_20180406",2021-02-03 19:01:52,2021-02-03 19:03:02,NA,"No",0
"906","S19",20180407,"19:41:22","19:42:54","Long Call","high","0:01:32","19","20180407_19","S19_20180407",2021-02-03 19:41:22,2021-02-03 19:42:54,0,"Yes",1
"9112","S19",20180408,"3:44:26","3:46:23","Short Call","med","0:01:57","03","20180408_03","S19_20180408",2021-02-03 03:44:26,2021-02-03 03:46:23,0,"Yes",1
"927","S19",20180409,"9:46:41","9:47:41","Long Call","high","0:01:00","09","20180409_09","S19_20180409",2021-02-03 09:46:41,2021-02-03 09:47:41,10858,"No",0
"936","S19",20180409,"12:48:39","12:49:51","Long Call","high","0:01:12","12","20180409_12","S19_20180409",2021-02-03 12:48:39,2021-02-03 12:49:51,NA,"No",0
"946","S19",20180410,"4:01:57","4:03:13","Long Call","low","0:01:16","04","20180410_04","S19_20180410",2021-02-03 04:01:57,2021-02-03 04:03:13,0,"Yes",1
"956","S19",20180411,"12:13:02","12:14:25","Long Call","low","0:01:23","12","20180411_12","S19_20180411",2021-02-03 12:13:02,2021-02-03 12:14:25,0,"Yes",1
"965","S19",20180415,"18:25:01","18:25:15","Short Call","med","0:00:14","18","20180415_18","S19_20180415",2021-02-03 18:25:01,2021-02-03 18:25:15,867,"No",0
"976","S19",20180415,"18:39:42","18:40:41","Short Call","med","0:00:59","18","20180415_18","S19_20180415",2021-02-03 18:39:42,2021-02-03 18:40:41,NA,"No",0
"986","S19",20180416,"2:35:22","2:36:48","Short Call","med","0:01:26","02","20180416_02","S19_20180416",2021-02-03 02:35:22,2021-02-03 02:36:48,43338,"No",0
"996","S19",20180416,"14:39:06","14:40:45","Long Call","low","0:01:39","14","20180416_14","S19_20180416",2021-02-03 14:39:06,2021-02-03 14:40:45,NA,"No",0
"1006","S19",20180418,"13:24:58","13:25:10","Short Call","high","0:00:12","13","20180418_13","S19_20180418",2021-02-03 13:24:58,2021-02-03 13:25:10,707,"No",0
"10112","S19",20180418,"13:36:57","13:38:04","Long Call","low","0:01:07","13","20180418_13","S19_20180418",2021-02-03 13:36:57,2021-02-03 13:38:04,NA,"No",0
"1027","S19",20180421,"4:58:29","4:59:44","Long Call","low","0:01:15","04","20180421_04","S19_20180421",2021-02-03 04:58:29,2021-02-03 04:59:44,53478,"No",0
"1036","S19",20180421,"19:51:02","19:52:28","Short Call","low","0:01:26","19","20180421_19","S19_20180421",2021-02-03 19:51:02,2021-02-03 19:52:28,NA,"No",0
"1046","S19",20180422,"10:41:40","10:42:42","Long Call","med","0:01:02","10","20180422_10","S19_20180422",2021-02-03 10:41:40,2021-02-03 10:42:42,0,"Yes",1
"1056","S19",20180423,"10:49:25","10:50:25","Long Call","med","0:01:00","10","20180423_10","S19_20180423",2021-02-03 10:49:25,2021-02-03 10:50:25,0,"Yes",1
"1066","S19",20180424,"2:45:09","2:45:59","Long Call","low","0:00:50","02","20180424_02","S19_20180424",2021-02-03 02:45:09,2021-02-03 02:45:59,258,"No",0
"1076","S19",20180424,"2:50:17","2:51:31","Long Call","high","0:01:14","02","20180424_02","S19_20180424",2021-02-03 02:50:17,2021-02-03 02:51:31,17036,"No",0
"1085","S19",20180424,"7:35:27","7:36:46","Long Call","high","0:01:19","07","20180424_07","S19_20180424",2021-02-03 07:35:27,2021-02-03 07:36:46,NA,"No",0
"1095","S19",20180425,"6:57:32","6:58:58","Long Call","med","0:01:26","06","20180425_06","S19_20180425",2021-02-03 06:57:32,2021-02-03 06:58:58,-13,"No",0
"11011","S19",20180425,"6:58:45","6:59:25","Short Call","low","0:00:40","06","20180425_06","S19_20180425",2021-02-03 06:58:45,2021-02-03 06:59:25,NA,"No",0
"11111","S19",20180426,"3:39:40","3:40:58","Long Call","high","0:01:18","03","20180426_03","S19_20180426",2021-02-03 03:39:40,2021-02-03 03:40:58,43424,"No",0
"1127","S19",20180426,"15:44:42","15:46:30","Long Call","med","0:01:48","15","20180426_15","S19_20180426",2021-02-03 15:44:42,2021-02-03 15:46:30,NA,"No",0
"1134","S19",20180427,"12:01:44","12:03:44","Long Call","low","0:02:00","12","20180427_12","S19_20180427",2021-02-03 12:01:44,2021-02-03 12:03:44,0,"Yes",1
"1144","S19",20180428,"1:49:52","1:51:42","Long Call","med","0:01:50","01","20180428_01","S19_20180428",2021-02-03 01:49:52,2021-02-03 01:51:42,8913,"No",0
"1154","S19",20180428,"4:20:15","4:21:33","Long Call","med","0:01:18","04","20180428_04","S19_20180428",2021-02-03 04:20:15,2021-02-03 04:21:33,NA,"No",0
"1164","S19",20180429,"1:48:34","1:49:52","Long Call","high","0:01:18","01","20180429_01","S19_20180429",2021-02-03 01:48:34,2021-02-03 01:49:52,35688,"No",0
"1174","S19",20180429,"11:44:40","11:45:32","Long Call","low","0:00:52","11","20180429_11","S19_20180429",2021-02-03 11:44:40,2021-02-03 11:45:32,76,"No",0
"1184","S19",20180429,"11:46:48","11:47:45","Long Call","med","0:00:57","11","20180429_11","S19_20180429",2021-02-03 11:46:48,2021-02-03 11:47:45,126,"No",0
"1194","S19",20180429,"11:49:51","11:50:53","Long Call","med","0:01:02","11","20180429_11","S19_20180429",2021-02-03 11:49:51,2021-02-03 11:50:53,1301,"No",0
"1204","S19",20180429,"12:12:34","12:16:47","Long Call","high","0:04:13","12","20180429_12","S19_20180429",2021-02-03 12:12:34,2021-02-03 12:16:47,NA,"No",0
"12111","S19",20180430,"22:20:20","22:21:36","Long Call","med","0:01:16","22","20180430_22","S19_20180430",2021-02-03 22:20:20,2021-02-03 22:21:36,38,"No",0
"1224","S19",20180430,"22:22:14","22:23:41","Long Call","med","0:01:27","22","20180430_22","S19_20180430",2021-02-03 22:22:14,2021-02-03 22:23:41,NA,"No",0
"1234","S19",20180502,"12:46:19","12:47:28","Long Call","low","0:01:09","12","20180502_12","S19_20180502",2021-02-03 12:46:19,2021-02-03 12:47:28,21741,"No",0
"1244","S19",20180502,"18:49:49","18:51:08","Long Call","med","0:01:19","18","20180502_18","S19_20180502",2021-02-03 18:49:49,2021-02-03 18:51:08,NA,"No",0
"1254","S19",20180503,"3:56:28","3:57:38","Long Call","low","0:01:10","03","20180503_03","S19_20180503",2021-02-03 03:56:28,2021-02-03 03:57:38,80,"No",0
"1264","S19",20180503,"3:58:58","3:59:59","Long Call","med","0:01:01","03","20180503_03","S19_20180503",2021-02-03 03:58:58,2021-02-03 03:59:59,NA,"No",0
"1274","S19",20180504,"10:13:23","10:14:12","Long Call","low","0:00:49","10","20180504_10","S19_20180504",2021-02-03 10:13:23,2021-02-03 10:14:12,81,"No",0
"1284","S19",20180504,"10:15:33","10:16:40","Long Call","med","0:01:07","10","20180504_10","S19_20180504",2021-02-03 10:15:33,2021-02-03 10:16:40,NA,"No",0
"1294","S19",20180505,"19:01:35","19:02:44","Long Call","high","0:01:09","19","20180505_19","S19_20180505",2021-02-03 19:01:35,2021-02-03 19:02:44,0,"Yes",1
"1304","S19",20180506,"10:31:15","10:33:08","Long Call","low","0:01:53","10","20180506_10","S19_20180506",2021-02-03 10:31:15,2021-02-03 10:33:08,-16,"No",0
"13111","S19",20180506,"10:32:52","10:33:47","Long Call","low","0:00:55","10","20180506_10","S19_20180506",2021-02-03 10:32:52,2021-02-03 10:33:47,NA,"No",0
"1324","S19",20180507,"12:54:21","12:55:24","Long Call","med","0:01:03","12","20180507_12","S19_20180507",2021-02-03 12:54:21,2021-02-03 12:55:24,0,"Yes",1
"1334","S19",20180508,"3:30:44","3:31:51","Long Call","high","0:01:07","03","20180508_03","S19_20180508",2021-02-03 03:30:44,2021-02-03 03:31:51,54959,"No",0
"1344","S19",20180508,"18:47:50","18:48:58","Long Call","med","0:01:08","18","20180508_18","S19_20180508",2021-02-03 18:47:50,2021-02-03 18:48:58,NA,"No",0
"1354","S19",20180509,"2:41:46","2:43:14","Long Call","med","0:01:28","02","20180509_02","S19_20180509",2021-02-03 02:41:46,2021-02-03 02:43:14,11,"No",0
"1364","S19",20180509,"2:43:25","2:44:45","Long Call","low","0:01:20","02","20180509_02","S19_20180509",2021-02-03 02:43:25,2021-02-03 02:44:45,1676,"No",0
"1374","S19",20180509,"3:12:41","3:13:54","Long Call","med","0:01:13","03","20180509_03","S19_20180509",2021-02-03 03:12:41,2021-02-03 03:13:54,14523,"No",0
"1384","S19",20180509,"7:15:57","7:19:09","Long Call","med","0:03:12","07","20180509_07","S19_20180509",2021-02-03 07:15:57,2021-02-03 07:19:09,-94,"No",0
"1394","S19",20180509,"7:17:35","7:18:28","Long Call","low","0:00:53","07","20180509_07","S19_20180509",2021-02-03 07:17:35,2021-02-03 07:18:28,4789,"No",0
"1404","S19",20180509,"8:38:17","8:39:39","Long Call","low","0:01:22","08","20180509_08","S19_20180509",2021-02-03 08:38:17,2021-02-03 08:39:39,1892,"No",0
"14110","S19",20180509,"9:11:11","9:13:13","Long Call","low","0:02:02","09","20180509_09","S19_20180509",2021-02-03 09:11:11,2021-02-03 09:13:13,35067,"No",0
"1424","S19",20180509,"18:57:40","18:58:57","Long Call","med","0:01:17","18","20180509_18","S19_20180509",2021-02-03 18:57:40,2021-02-03 18:58:57,NA,"No",0
"1434","S19",20180510,"11:49:39","11:50:54","Long Call","high","0:01:15","11","20180510_11","S19_20180510",2021-02-03 11:49:39,2021-02-03 11:50:54,306,"No",0
"1444","S19",20180510,"11:56:00","11:57:02","Long Call","low","0:01:02","11","20180510_11","S19_20180510",2021-02-03 11:56:00,2021-02-03 11:57:02,NA,"No",0
"1454","S19",20180511,"4:14:15","4:15:30","Long Call","high","0:01:15","04","20180511_04","S19_20180511",2021-02-03 04:14:15,2021-02-03 04:15:30,52351,"No",0
"1464","S19",20180511,"18:48:01","18:49:20","Long Call","med","0:01:19","18","20180511_18","S19_20180511",2021-02-03 18:48:01,2021-02-03 18:49:20,19,"No",0
"1474","S19",20180511,"18:49:39","18:50:45","Long Call","med","0:01:06","18","20180511_18","S19_20180511",2021-02-03 18:49:39,2021-02-03 18:50:45,NA,"No",0
"1484","S19",20180512,"18:58:36","18:59:43","Long Call","low","0:01:07","18","20180512_18","S19_20180512",2021-02-03 18:58:36,2021-02-03 18:59:43,0,"Yes",1
"1494","S19",20180513,"11:06:57","11:08:25","Long Call","low","0:01:28","11","20180513_11","S19_20180513",2021-02-03 11:06:57,2021-02-03 11:08:25,249,"No",0
"1504","S19",20180513,"11:12:34","11:13:40","Long Call","med","0:01:06","11","20180513_11","S19_20180513",2021-02-03 11:12:34,2021-02-03 11:13:40,1296,"No",0
"15110","S19",20180513,"11:35:16","11:36:24","Long Call","low","0:01:08","11","20180513_11","S19_20180513",2021-02-03 11:35:16,2021-02-03 11:36:24,93,"No",0
"1524","S19",20180513,"11:37:57","11:39:15","Long Call","low","0:01:18","11","20180513_11","S19_20180513",2021-02-03 11:37:57,2021-02-03 11:39:15,8,"No",0
"1534","S19",20180513,"11:39:23","11:40:38","Long Call","med","0:01:15","11","20180513_11","S19_20180513",2021-02-03 11:39:23,2021-02-03 11:40:38,3416,"No",0
"1544","S19",20180513,"12:37:34","12:39:09","Long Call","low","0:01:35","12","20180513_12","S19_20180513",2021-02-03 12:37:34,2021-02-03 12:39:09,9264,"No",0
"1554","S19",20180513,"15:13:33","15:15:06","Long Call","med","0:01:33","15","20180513_15","S19_20180513",2021-02-03 15:13:33,2021-02-03 15:15:06,NA,"No",0
"1564","S19",20180514,"9:39:37","9:41:03","Long Call","low","0:01:26","09","20180514_09","S19_20180514",2021-02-03 09:39:37,2021-02-03 09:41:03,17744,"No",0
"1574","S19",20180514,"14:36:47","14:38:01","Long Call","med","0:01:14","14","20180514_14","S19_20180514",2021-02-03 14:36:47,2021-02-03 14:38:01,5214,"No",0
"1584","S19",20180514,"16:04:55","16:05:56","Long Call","med","0:01:01","16","20180514_16","S19_20180514",2021-02-03 16:04:55,2021-02-03 16:05:56,10136,"No",0
"1594","S19",20180514,"18:54:52","18:56:10","Long Call","low","0:01:18","18","20180514_18","S19_20180514",2021-02-03 18:54:52,2021-02-03 18:56:10,478,"No",0
"1604","S19",20180514,"19:04:08","19:05:19","Long Call","low","0:01:11","19","20180514_19","S19_20180514",2021-02-03 19:04:08,2021-02-03 19:05:19,NA,"No",0
"16110","S19",20180515,"8:39:08","8:39:19","Short Call","high","0:00:11","08","20180515_08","S19_20180515",2021-02-03 08:39:08,2021-02-03 08:39:19,0,"Yes",1
"1624","S19",20180516,"18:51:25","18:53:25","Long Call","low","0:02:00","18","20180516_18","S19_20180516",2021-02-03 18:51:25,2021-02-03 18:53:25,4,"No",0
"1634","S19",20180516,"18:53:29","18:54:37","Long Call","high","0:01:08","18","20180516_18","S19_20180516",2021-02-03 18:53:29,2021-02-03 18:54:37,NA,"No",0
"1644","S19",20180517,"11:38:30","11:39:33","Long Call","high","0:01:03","11","20180517_11","S19_20180517",2021-02-03 11:38:30,2021-02-03 11:39:33,5907,"No",0
"1654","S19",20180517,"13:18:00","13:19:22","Long Call","med","0:01:22","13","20180517_13","S19_20180517",2021-02-03 13:18:00,2021-02-03 13:19:22,NA,"No",0
"1664","S19",20180518,"4:09:51","4:11:05","Long Call","low","0:01:14","04","20180518_04","S19_20180518",2021-02-03 04:09:51,2021-02-03 04:11:05,0,"Yes",1
"1674","S19",20180622,"19:12:38","19:14:00","Long Call","med","0:01:22","19","20180622_19","S19_20180622",2021-02-03 19:12:38,2021-02-03 19:14:00,25,"No",0
"1684","S19",20180622,"19:14:25","19:15:34","Long Call","low","0:01:09","19","20180622_19","S19_20180622",2021-02-03 19:14:25,2021-02-03 19:15:34,NA,"No",0
"1694","S19",20180623,"4:06:31","4:07:56","Long Call","med","0:01:25","04","20180623_04","S19_20180623",2021-02-03 04:06:31,2021-02-03 04:07:56,43,"No",0
"1704","S19",20180623,"4:08:39","4:09:42","Long Call","low","0:01:03","04","20180623_04","S19_20180623",2021-02-03 04:08:39,2021-02-03 04:09:42,40725,"No",0
"17110","S19",20180623,"15:28:27","15:29:40","Long Call","med","0:01:13","15","20180623_15","S19_20180623",2021-02-03 15:28:27,2021-02-03 15:29:40,1385,"No",0
"1724","S19",20180623,"15:52:45","15:54:00","Long Call","low","0:01:15","15","20180623_15","S19_20180623",2021-02-03 15:52:45,2021-02-03 15:54:00,25124,"No",0
"1734","S19",20180623,"22:52:44","22:53:55","Long Call","high","0:01:11","22","20180623_22","S19_20180623",2021-02-03 22:52:44,2021-02-03 22:53:55,NA,"No",0
"1744","S19",20180624,"4:28:18","4:29:45","Long Call","low","0:01:27","04","20180624_04","S19_20180624",2021-02-03 04:28:18,2021-02-03 04:29:45,33,"No",0
"1754","S19",20180624,"4:30:18","4:31:26","Long Call","high","0:01:08","04","20180624_04","S19_20180624",2021-02-03 04:30:18,2021-02-03 04:31:26,17599,"No",0
"1764","S19",20180624,"9:24:45","9:26:00","Long Call","med","0:01:15","09","20180624_09","S19_20180624",2021-02-03 09:24:45,2021-02-03 09:26:00,244,"No",0
"1774","S19",20180624,"9:30:04","9:31:08","Long Call","low","0:01:04","09","20180624_09","S19_20180624",2021-02-03 09:30:04,2021-02-03 09:31:08,NA,"No",0
"1784","S19",20180625,"4:37:41","4:38:52","Long Call","high","0:01:11","04","20180625_04","S19_20180625",2021-02-03 04:37:41,2021-02-03 04:38:52,19535,"No",0
"1794","S19",20180625,"10:04:27","10:05:50","Long Call","low","0:01:23","10","20180625_10","S19_20180625",2021-02-03 10:04:27,2021-02-03 10:05:50,91,"No",0
"1804","S19",20180625,"10:07:21","10:08:31","Long Call","med","0:01:10","10","20180625_10","S19_20180625",2021-02-03 10:07:21,2021-02-03 10:08:31,9745,"No",0
"18110","S19",20180625,"12:50:56","12:52:00","Long Call","high","0:01:04","12","20180625_12","S19_20180625",2021-02-03 12:50:56,2021-02-03 12:52:00,NA,"No",0
"1128","S20",20180214,"4:32:31","4:35:54","Long Call","high","0:03:23","04","20180214_04","S20_20180214",2021-02-03 04:32:31,2021-02-03 04:35:54,0,"Yes",1
"2125","S20",20180215,"7:36:54","7:38:07","Long Call","low","0:01:13","07","20180215_07","S20_20180215",2021-02-03 07:36:54,2021-02-03 07:38:07,8247,"No",0
"5107","S20",20180215,"9:55:34","9:57:09","Long Call","high","0:01:35","09","20180215_09","S20_20180215",2021-02-03 09:55:34,2021-02-03 09:57:09,11846,"No",0
"6100","S20",20180215,"13:14:35","13:14:44","Short Call","low","0:00:09","13","20180215_13","S20_20180215",2021-02-03 13:14:35,2021-02-03 13:14:44,NA,"No",0
"728","S20",20180216,"8:08:24","8:08:33","Short Call","high","0:00:09","08","20180216_08","S20_20180216",2021-02-03 08:08:24,2021-02-03 08:08:33,3620,"No",0
"828","S20",20180216,"9:08:53","9:10:20","Long Call","high","0:01:27","09","20180216_09","S20_20180216",2021-02-03 09:08:53,2021-02-03 09:10:20,832,"No",0
"928","S20",20180216,"9:24:12","9:26:31","Short Call","high","0:02:19","09","20180216_09","S20_20180216",2021-02-03 09:24:12,2021-02-03 09:26:31,458,"No",0
"1028","S20",20180216,"9:34:09","9:35:51","Short Call","high","0:01:42","09","20180216_09","S20_20180216",2021-02-03 09:34:09,2021-02-03 09:35:51,311,"No",0
"1129","S20",20180216,"9:41:02","9:41:47","Short Call","high","0:00:45","09","20180216_09","S20_20180216",2021-02-03 09:41:02,2021-02-03 09:41:47,1441,"No",0
"1225","S20",20180216,"10:05:48","10:06:39","Short Call","high","0:00:51","10","20180216_10","S20_20180216",2021-02-03 10:05:48,2021-02-03 10:06:39,334,"No",0
"1325","S20",20180216,"10:12:13","10:15:02","Short Call","high","0:02:49","10","20180216_10","S20_20180216",2021-02-03 10:12:13,2021-02-03 10:15:02,661,"No",0
"1425","S20",20180216,"10:26:03","10:27:33","Short Call","high","0:01:30","10","20180216_10","S20_20180216",2021-02-03 10:26:03,2021-02-03 10:27:33,4695,"No",0
"1525","S20",20180216,"11:45:48","11:47:20","Short Call","high","0:01:32","11","20180216_11","S20_20180216",2021-02-03 11:45:48,2021-02-03 11:47:20,1214,"No",0
"1625","S20",20180216,"12:07:34","12:10:19","Short Call","high","0:02:45","12","20180216_12","S20_20180216",2021-02-03 12:07:34,2021-02-03 12:10:19,699,"No",0
"1725","S20",20180216,"12:21:58","12:22:27","Short Call","high","0:00:29","12","20180216_12","S20_20180216",2021-02-03 12:21:58,2021-02-03 12:22:27,2985,"No",0
"1824","S20",20180216,"13:12:12","13:13:07","Short Call","high","0:00:55","13","20180216_13","S20_20180216",2021-02-03 13:12:12,2021-02-03 13:13:07,NA,"No",0
"2024","S20",20180217,"9:04:39","9:05:58","Short Call","low","0:01:19","09","20180217_09","S20_20180217",2021-02-03 09:04:39,2021-02-03 09:05:58,1596,"No",0
"2224","S20",20180217,"9:32:34","9:33:34","Long Call","low","0:01:00","09","20180217_09","S20_20180217",2021-02-03 09:32:34,2021-02-03 09:33:34,-7,"No",0
"2320","S20",20180217,"9:33:27","9:35:07","Short Call","low","0:01:40","09","20180217_09","S20_20180217",2021-02-03 09:33:27,2021-02-03 09:35:07,2499,"No",0
"2424","S20",20180217,"10:16:46","10:18:26","Short Call","high","0:01:40","10","20180217_10","S20_20180217",2021-02-03 10:16:46,2021-02-03 10:18:26,NA,"No",0
"2724","S20",20180218,"9:37:03","9:38:17","Long Call","high","0:01:14","09","20180218_09","S20_20180218",2021-02-03 09:37:03,2021-02-03 09:38:17,2479,"No",0
"2819","S20",20180218,"10:19:36","10:19:42","Short Call","high","0:00:06","10","20180218_10","S20_20180218",2021-02-03 10:19:36,2021-02-03 10:19:42,2666,"No",0
"2924","S20",20180218,"11:04:08","11:06:08","Short Call","high","0:02:00","11","20180218_11","S20_20180218",2021-02-03 11:04:08,2021-02-03 11:06:08,219,"No",0
"3024","S20",20180218,"11:09:47","11:11:14","Short Call","high","0:01:27","11","20180218_11","S20_20180218",2021-02-03 11:09:47,2021-02-03 11:11:14,1009,"No",0
"3123","S20",20180218,"11:28:03","11:28:57","Short Call","high","0:00:54","11","20180218_11","S20_20180218",2021-02-03 11:28:03,2021-02-03 11:28:57,2028,"No",0
"3219","S20",20180218,"12:02:45","12:04:06","Short Call","high","0:01:21","12","20180218_12","S20_20180218",2021-02-03 12:02:45,2021-02-03 12:04:06,686,"No",0
"3320","S20",20180218,"12:15:32","12:16:22","Short Call","high","0:00:50","12","20180218_12","S20_20180218",2021-02-03 12:15:32,2021-02-03 12:16:22,672,"No",0
"3420","S20",20180218,"12:27:34","12:29:04","Short Call","high","0:01:30","12","20180218_12","S20_20180218",2021-02-03 12:27:34,2021-02-03 12:29:04,364,"No",0
"3520","S20",20180218,"12:35:08","12:36:23","Short Call","high","0:01:15","12","20180218_12","S20_20180218",2021-02-03 12:35:08,2021-02-03 12:36:23,NA,"No",0
"3719","S20",20180219,"8:24:09","8:24:19","Short Call","high","0:00:10","08","20180219_08","S20_20180219",2021-02-03 08:24:09,2021-02-03 08:24:19,215,"No",0
"3820","S20",20180219,"8:27:54","8:28:55","Long Call","low","0:01:01","08","20180219_08","S20_20180219",2021-02-03 08:27:54,2021-02-03 08:28:55,164,"No",0
"3920","S20",20180219,"8:31:39","8:32:12","Short Call","high","0:00:33","08","20180219_08","S20_20180219",2021-02-03 08:31:39,2021-02-03 08:32:12,63,"No",0
"4020","S20",20180219,"8:33:15","8:34:52","Short Call","high","0:01:37","08","20180219_08","S20_20180219",2021-02-03 08:33:15,2021-02-03 08:34:52,121,"No",0
"4119","S20",20180219,"8:36:53","8:37:51","Short Call","high","0:00:58","08","20180219_08","S20_20180219",2021-02-03 08:36:53,2021-02-03 08:37:51,131,"No",0
"4219","S20",20180219,"8:40:02","8:40:49","Short Call","high","0:00:47","08","20180219_08","S20_20180219",2021-02-03 08:40:02,2021-02-03 08:40:49,198,"No",0
"4319","S20",20180219,"8:44:07","8:45:07","Short Call","high","0:01:00","08","20180219_08","S20_20180219",2021-02-03 08:44:07,2021-02-03 08:45:07,86,"No",0
"4419","S20",20180219,"8:46:33","8:47:43","Short Call","high","0:01:10","08","20180219_08","S20_20180219",2021-02-03 08:46:33,2021-02-03 08:47:43,NA,"No",0
"4619","S20",20180220,"8:48:03","8:49:57","Short Call","high","0:01:54","08","20180220_08","S20_20180220",2021-02-03 08:48:03,2021-02-03 08:49:57,668,"No",0
"4719","S20",20180220,"9:01:05","9:02:43","Short Call","high","0:01:38","09","20180220_09","S20_20180220",2021-02-03 09:01:05,2021-02-03 09:02:43,1239,"No",0
"4819","S20",20180220,"9:23:22","9:23:36","Short Call","high","0:00:14","09","20180220_09","S20_20180220",2021-02-03 09:23:22,2021-02-03 09:23:36,2910,"No",0
"4919","S20",20180220,"10:12:06","10:13:37","Short Call","high","0:01:31","10","20180220_10","S20_20180220",2021-02-03 10:12:06,2021-02-03 10:13:37,181,"No",0
"5018","S20",20180220,"10:16:38","10:17:09","Short Call","high","0:00:31","10","20180220_10","S20_20180220",2021-02-03 10:16:38,2021-02-03 10:17:09,320,"No",0
"5218","S20",20180220,"10:22:29","10:24:22","Short Call","high","0:01:53","10","20180220_10","S20_20180220",2021-02-03 10:22:29,2021-02-03 10:24:22,342,"No",0
"5318","S20",20180220,"10:30:04","10:30:49","Short Call","high","0:00:45","10","20180220_10","S20_20180220",2021-02-03 10:30:04,2021-02-03 10:30:49,825,"No",0
"5418","S20",20180220,"10:44:34","10:46:03","Short Call","high","0:01:29","10","20180220_10","S20_20180220",2021-02-03 10:44:34,2021-02-03 10:46:03,442,"No",0
"5518","S20",20180220,"10:53:25","10:54:32","Short Call","high","0:01:07","10","20180220_10","S20_20180220",2021-02-03 10:53:25,2021-02-03 10:54:32,156,"No",0
"5617","S20",20180220,"10:57:08","10:58:12","Short Call","high","0:01:04","10","20180220_10","S20_20180220",2021-02-03 10:57:08,2021-02-03 10:58:12,199,"No",0
"5717","S20",20180220,"11:01:31","11:02:17","Short Call","high","0:00:46","11","20180220_11","S20_20180220",2021-02-03 11:01:31,2021-02-03 11:02:17,515,"No",0
"5817","S20",20180220,"11:10:52","11:11:42","Short Call","high","0:00:50","11","20180220_11","S20_20180220",2021-02-03 11:10:52,2021-02-03 11:11:42,330,"No",0
"5916","S20",20180220,"11:17:12","11:17:55","Short Call","high","0:00:43","11","20180220_11","S20_20180220",2021-02-03 11:17:12,2021-02-03 11:17:55,239,"No",0
"6013","S20",20180220,"11:21:54","11:22:36","Short Call","high","0:00:42","11","20180220_11","S20_20180220",2021-02-03 11:21:54,2021-02-03 11:22:36,343,"No",0
"6117","S20",20180220,"11:28:19","11:29:17","Short Call","high","0:00:58","11","20180220_11","S20_20180220",2021-02-03 11:28:19,2021-02-03 11:29:17,283,"No",0
"6217","S20",20180220,"11:34:00","11:34:48","Short Call","high","0:00:48","11","20180220_11","S20_20180220",2021-02-03 11:34:00,2021-02-03 11:34:48,1352,"No",0
"6417","S20",20180220,"11:57:20","11:58:02","Short Call","high","0:00:42","11","20180220_11","S20_20180220",2021-02-03 11:57:20,2021-02-03 11:58:02,933,"No",0
"6517","S20",20180220,"12:13:35","12:14:32","Short Call","high","0:00:57","12","20180220_12","S20_20180220",2021-02-03 12:13:35,2021-02-03 12:14:32,630,"No",0
"6617","S20",20180220,"12:25:02","12:25:40","Short Call","high","0:00:38","12","20180220_12","S20_20180220",2021-02-03 12:25:02,2021-02-03 12:25:40,NA,"No",0
"707","S20",20180221,"11:57:10","11:57:20","Short Call","high","0:00:10","11","20180221_11","S20_20180221",2021-02-03 11:57:10,2021-02-03 11:57:20,1180,"No",0
"7113","S20",20180221,"12:17:00","12:18:23","Short Call","high","0:01:23","12","20180221_12","S20_20180221",2021-02-03 12:17:00,2021-02-03 12:18:23,4264,"No",0
"729","S20",20180221,"13:29:27","13:30:51","Short Call","high","0:01:24","13","20180221_13","S20_20180221",2021-02-03 13:29:27,2021-02-03 13:30:51,410,"No",0
"737","S20",20180221,"13:37:41","13:39:14","Short Call","high","0:01:33","13","20180221_13","S20_20180221",2021-02-03 13:37:41,2021-02-03 13:39:14,882,"No",0
"747","S20",20180221,"13:53:56","13:54:26","Short Call","high","0:00:30","13","20180221_13","S20_20180221",2021-02-03 13:53:56,2021-02-03 13:54:26,415,"No",0
"757","S20",20180221,"14:01:21","14:03:08","Short Call","high","0:01:47","14","20180221_14","S20_20180221",2021-02-03 14:01:21,2021-02-03 14:03:08,263,"No",0
"767","S20",20180221,"14:07:31","14:08:06","Short Call","high","0:00:35","14","20180221_14","S20_20180221",2021-02-03 14:07:31,2021-02-03 14:08:06,529,"No",0
"777","S20",20180221,"14:16:55","14:18:32","Short Call","high","0:01:37","14","20180221_14","S20_20180221",2021-02-03 14:16:55,2021-02-03 14:18:32,583,"No",0
"787","S20",20180221,"14:28:15","14:29:22","Short Call","high","0:01:07","14","20180221_14","S20_20180221",2021-02-03 14:28:15,2021-02-03 14:29:22,NA,"No",0
"797","S20",20180222,"8:21:41","8:24:12","Short Call","low","0:02:31","08","20180222_08","S20_20180222",2021-02-03 08:21:41,2021-02-03 08:24:12,0,"Yes",1
"8113","S20",20180223,"10:41:43","10:41:53","Short Call","high","0:00:10","10","20180223_10","S20_20180223",2021-02-03 10:41:43,2021-02-03 10:41:53,993,"No",0
"829","S20",20180223,"10:58:26","10:59:30","Short Call","high","0:01:04","10","20180223_10","S20_20180223",2021-02-03 10:58:26,2021-02-03 10:59:30,453,"No",0
"837","S20",20180223,"11:07:03","11:08:01","Short Call","high","0:00:58","11","20180223_11","S20_20180223",2021-02-03 11:07:03,2021-02-03 11:08:01,4740,"No",0
"847","S20",20180223,"12:27:01","12:27:07","Short Call","high","0:00:06","12","20180223_12","S20_20180223",2021-02-03 12:27:01,2021-02-03 12:27:07,1909,"No",0
"857","S20",20180223,"12:58:56","12:59:49","Short Call","high","0:00:53","12","20180223_12","S20_20180223",2021-02-03 12:58:56,2021-02-03 12:59:49,NA,"No",0
"897","S20",20180224,"9:57:17","9:57:33","Short Call","high","0:00:16","09","20180224_09","S20_20180224",2021-02-03 09:57:17,2021-02-03 09:57:33,761,"No",0
"907","S20",20180224,"10:10:14","10:11:06","Short Call","high","0:00:52","10","20180224_10","S20_20180224",2021-02-03 10:10:14,2021-02-03 10:11:06,1236,"No",0
"9113","S20",20180224,"10:31:42","10:33:15","Short Call","high","0:01:33","10","20180224_10","S20_20180224",2021-02-03 10:31:42,2021-02-03 10:33:15,455,"No",0
"929","S20",20180224,"10:40:50","10:41:59","Short Call","high","0:01:09","10","20180224_10","S20_20180224",2021-02-03 10:40:50,2021-02-03 10:41:59,336,"No",0
"937","S20",20180224,"10:47:35","10:48:41","Short Call","high","0:01:06","10","20180224_10","S20_20180224",2021-02-03 10:47:35,2021-02-03 10:48:41,708,"No",0
"947","S20",20180224,"11:00:29","11:01:32","Short Call","high","0:01:03","11","20180224_11","S20_20180224",2021-02-03 11:00:29,2021-02-03 11:01:32,NA,"No",0
"977","S20",20180226,"15:14:36","18:16:16","Short Call","high","3:01:40","15","20180226_15","S20_20180226",2021-02-03 15:14:36,2021-02-03 18:16:16,-10526,"No",0
"987","S20",20180226,"15:20:50","15:21:56","Short Call","high","0:01:06","15","20180226_15","S20_20180226",2021-02-03 15:20:50,2021-02-03 15:21:56,NA,"No",0
"10113","S20",20180228,"8:36:42","8:36:52","Short Call","high","0:00:10","08","20180228_08","S20_20180228",2021-02-03 08:36:42,2021-02-03 08:36:52,715,"No",0
"1029","S20",20180228,"8:48:47","8:50:55","Short Call","high","0:02:08","08","20180228_08","S20_20180228",2021-02-03 08:48:47,2021-02-03 08:50:55,130,"No",0
"1037","S20",20180228,"8:53:05","8:54:15","Short Call","high","0:01:10","08","20180228_08","S20_20180228",2021-02-03 08:53:05,2021-02-03 08:54:15,968,"No",0
"1047","S20",20180228,"9:10:23","9:12:09","Short Call","high","0:01:46","09","20180228_09","S20_20180228",2021-02-03 09:10:23,2021-02-03 09:12:09,304,"No",0
"1057","S20",20180228,"9:17:13","9:17:44","Short Call","high","0:00:31","09","20180228_09","S20_20180228",2021-02-03 09:17:13,2021-02-03 09:17:44,63,"No",0
"1067","S20",20180228,"9:18:47","9:19:45","Short Call","high","0:00:58","09","20180228_09","S20_20180228",2021-02-03 09:18:47,2021-02-03 09:19:45,481,"No",0
"1077","S20",20180228,"9:27:46","9:29:16","Short Call","high","0:01:30","09","20180228_09","S20_20180228",2021-02-03 09:27:46,2021-02-03 09:29:16,304,"No",0
"1086","S20",20180228,"9:34:20","9:36:23","Short Call","high","0:02:03","09","20180228_09","S20_20180228",2021-02-03 09:34:20,2021-02-03 09:36:23,1972,"No",0
"11012","S20",20180228,"10:09:15","10:10:25","Short Call","high","0:01:10","10","20180228_10","S20_20180228",2021-02-03 10:09:15,2021-02-03 10:10:25,272,"No",0
"11112","S20",20180228,"10:14:57","10:16:16","Short Call","high","0:01:19","10","20180228_10","S20_20180228",2021-02-03 10:14:57,2021-02-03 10:16:16,673,"No",0
"11210","S20",20180228,"10:27:29","10:28:29","Short Call","high","0:01:00","10","20180228_10","S20_20180228",2021-02-03 10:27:29,2021-02-03 10:28:29,228,"No",0
"1135","S20",20180228,"10:32:17","10:32:54","Short Call","high","0:00:37","10","20180228_10","S20_20180228",2021-02-03 10:32:17,2021-02-03 10:32:54,819,"No",0
"1145","S20",20180228,"10:46:33","10:46:59","Short Call","high","0:00:26","10","20180228_10","S20_20180228",2021-02-03 10:46:33,2021-02-03 10:46:59,356,"No",0
"1155","S20",20180228,"10:52:55","10:54:38","Short Call","high","0:01:43","10","20180228_10","S20_20180228",2021-02-03 10:52:55,2021-02-03 10:54:38,573,"No",0
"1165","S20",20180228,"11:04:11","11:05:38","Short Call","high","0:01:27","11","20180228_11","S20_20180228",2021-02-03 11:04:11,2021-02-03 11:05:38,1952,"No",0
"1175","S20",20180228,"11:38:10","11:39:33","Short Call","high","0:01:23","11","20180228_11","S20_20180228",2021-02-03 11:38:10,2021-02-03 11:39:33,235,"No",0
"1185","S20",20180228,"11:43:28","11:44:07","Short Call","high","0:00:39","11","20180228_11","S20_20180228",2021-02-03 11:43:28,2021-02-03 11:44:07,105,"No",0
"1195","S20",20180228,"11:45:52","11:46:22","Short Call","high","0:00:30","11","20180228_11","S20_20180228",2021-02-03 11:45:52,2021-02-03 11:46:22,181,"No",0
"1205","S20",20180228,"11:49:23","11:49:38","Short Call","high","0:00:15","11","20180228_11","S20_20180228",2021-02-03 11:49:23,2021-02-03 11:49:38,NA,"No",0
"12112","S20",20180301,"9:27:32","9:27:42","Short Call","med","0:00:10","09","20180301_09","S20_20180301",2021-02-03 09:27:32,2021-02-03 09:27:42,0,"Yes",1
"1255","S20",20180303,"9:05:02","9:05:12","Short Call","high","0:00:10","09","20180303_09","S20_20180303",2021-02-03 09:05:02,2021-02-03 09:05:12,1993,"No",0
"1265","S20",20180303,"9:38:25","9:41:04","Short Call","high","0:02:39","09","20180303_09","S20_20180303",2021-02-03 09:38:25,2021-02-03 09:41:04,4631,"No",0
"1275","S20",20180303,"10:58:15","11:00:03","Short Call","high","0:01:48","10","20180303_10","S20_20180303",2021-02-03 10:58:15,2021-02-03 11:00:03,153,"No",0
"1285","S20",20180303,"11:02:36","11:03:33","Short Call","high","0:00:57","11","20180303_11","S20_20180303",2021-02-03 11:02:36,2021-02-03 11:03:33,222,"No",0
"1295","S20",20180303,"11:07:15","11:08:29","Short Call","high","0:01:14","11","20180303_11","S20_20180303",2021-02-03 11:07:15,2021-02-03 11:08:29,275,"No",0
"1305","S20",20180303,"11:13:04","11:14:11","Short Call","high","0:01:07","11","20180303_11","S20_20180303",2021-02-03 11:13:04,2021-02-03 11:14:11,378,"No",0
"13112","S20",20180303,"11:20:29","11:21:24","Short Call","high","0:00:55","11","20180303_11","S20_20180303",2021-02-03 11:20:29,2021-02-03 11:21:24,NA,"No",0
"1335","S20",20180304,"7:52:46","7:54:06","Long Call","high","0:01:20","07","20180304_07","S20_20180304",2021-02-03 07:52:46,2021-02-03 07:54:06,5661,"No",0
"1345","S20",20180304,"9:28:27","9:29:15","Short Call","high","0:00:48","09","20180304_09","S20_20180304",2021-02-03 09:28:27,2021-02-03 09:29:15,NA,"No",0
"1395","S20",20180306,"12:09:58","12:10:07","Short Call","high","0:00:09","12","20180306_12","S20_20180306",2021-02-03 12:09:58,2021-02-03 12:10:07,1429,"No",0
"1405","S20",20180306,"12:33:56","12:35:17","Short Call","high","0:01:21","12","20180306_12","S20_20180306",2021-02-03 12:33:56,2021-02-03 12:35:17,349,"No",0
"14111","S20",20180306,"12:41:06","12:42:03","Short Call","high","0:00:57","12","20180306_12","S20_20180306",2021-02-03 12:41:06,2021-02-03 12:42:03,2688,"No",0
"1426","S20",20180306,"13:26:51","13:27:59","Short Call","high","0:01:08","13","20180306_13","S20_20180306",2021-02-03 13:26:51,2021-02-03 13:27:59,425,"No",0
"1435","S20",20180306,"13:35:04","13:35:54","Short Call","high","0:00:50","13","20180306_13","S20_20180306",2021-02-03 13:35:04,2021-02-03 13:35:54,84,"No",0
"1445","S20",20180306,"13:37:18","13:38:30","Short Call","high","0:01:12","13","20180306_13","S20_20180306",2021-02-03 13:37:18,2021-02-03 13:38:30,317,"No",0
"1455","S20",20180306,"13:43:47","13:44:43","Short Call","high","0:00:56","13","20180306_13","S20_20180306",2021-02-03 13:43:47,2021-02-03 13:44:43,447,"No",0
"1465","S20",20180306,"13:52:10","13:52:51","Short Call","high","0:00:41","13","20180306_13","S20_20180306",2021-02-03 13:52:10,2021-02-03 13:52:51,NA,"No",0
"1545","S20",20180310,"9:26:40","9:27:47","Long Call","med","0:01:07","09","20180310_09","S20_20180310",2021-02-03 09:26:40,2021-02-03 09:27:47,0,"Yes",1
"1565","S20",20180311,"10:42:52","10:43:01","Short Call","high","0:00:09","10","20180311_10","S20_20180311",2021-02-03 10:42:52,2021-02-03 10:43:01,1906,"No",0
"1575","S20",20180311,"11:14:47","11:16:02","Short Call","high","0:01:15","11","20180311_11","S20_20180311",2021-02-03 11:14:47,2021-02-03 11:16:02,595,"No",0
"1585","S20",20180311,"11:25:57","11:26:55","Short Call","high","0:00:58","11","20180311_11","S20_20180311",2021-02-03 11:25:57,2021-02-03 11:26:55,514,"No",0
"1595","S20",20180311,"11:35:29","11:36:40","Short Call","high","0:01:11","11","20180311_11","S20_20180311",2021-02-03 11:35:29,2021-02-03 11:36:40,1249,"No",0
"16111","S20",20180311,"11:57:29","11:58:29","Short Call","high","0:01:00","11","20180311_11","S20_20180311",2021-02-03 11:57:29,2021-02-03 11:58:29,453,"No",0
"1626","S20",20180311,"12:06:02","12:07:36","Short Call","high","0:01:34","12","20180311_12","S20_20180311",2021-02-03 12:06:02,2021-02-03 12:07:36,NA,"No",0
"1635","S20",20180313,"7:58:24","7:59:55","Short Call","high","0:01:31","07","20180313_07","S20_20180313",2021-02-03 07:58:24,2021-02-03 07:59:55,1689,"No",0
"1645","S20",20180313,"8:28:04","8:28:54","Short Call","high","0:00:50","08","20180313_08","S20_20180313",2021-02-03 08:28:04,2021-02-03 08:28:54,638,"No",0
"1655","S20",20180313,"8:39:32","8:40:47","Short Call","high","0:01:15","08","20180313_08","S20_20180313",2021-02-03 08:39:32,2021-02-03 08:40:47,1010,"No",0
"1665","S20",20180313,"8:57:37","8:58:52","Short Call","high","0:01:15","08","20180313_08","S20_20180313",2021-02-03 08:57:37,2021-02-03 08:58:52,1460,"No",0
"1675","S20",20180313,"9:23:12","9:23:41","Short Call","high","0:00:29","09","20180313_09","S20_20180313",2021-02-03 09:23:12,2021-02-03 09:23:41,538,"No",0
"1685","S20",20180313,"9:32:39","9:33:38","Short Call","high","0:00:59","09","20180313_09","S20_20180313",2021-02-03 09:32:39,2021-02-03 09:33:38,523,"No",0
"1695","S20",20180313,"9:42:21","9:43:08","Short Call","high","0:00:47","09","20180313_09","S20_20180313",2021-02-03 09:42:21,2021-02-03 09:43:08,1422,"No",0
"1705","S20",20180313,"10:06:50","10:10:20","Short Call","high","0:03:30","10","20180313_10","S20_20180313",2021-02-03 10:06:50,2021-02-03 10:10:20,185,"No",0
"17111","S20",20180313,"10:13:25","10:14:34","Short Call","high","0:01:09","10","20180313_10","S20_20180313",2021-02-03 10:13:25,2021-02-03 10:14:34,315,"No",0
"1726","S20",20180313,"10:19:49","10:20:27","Short Call","high","0:00:38","10","20180313_10","S20_20180313",2021-02-03 10:19:49,2021-02-03 10:20:27,353,"No",0
"1735","S20",20180313,"10:26:20","10:27:34","Short Call","high","0:01:14","10","20180313_10","S20_20180313",2021-02-03 10:26:20,2021-02-03 10:27:34,119,"No",0
"1745","S20",20180313,"10:29:33","10:30:33","Short Call","high","0:01:00","10","20180313_10","S20_20180313",2021-02-03 10:29:33,2021-02-03 10:30:33,1956,"No",0
"1755","S20",20180313,"11:03:09","11:04:11","Short Call","high","0:01:02","11","20180313_11","S20_20180313",2021-02-03 11:03:09,2021-02-03 11:04:11,139,"No",0
"1765","S20",20180313,"11:06:30","11:06:55","Short Call","high","0:00:25","11","20180313_11","S20_20180313",2021-02-03 11:06:30,2021-02-03 11:06:55,601,"No",0
"1775","S20",20180313,"11:16:56","11:17:38","Short Call","high","0:00:42","11","20180313_11","S20_20180313",2021-02-03 11:16:56,2021-02-03 11:17:38,334,"No",0
"1785","S20",20180313,"11:23:12","11:24:12","Short Call","high","0:01:00","11","20180313_11","S20_20180313",2021-02-03 11:23:12,2021-02-03 11:24:12,258,"No",0
"1795","S20",20180313,"11:28:30","11:29:53","Short Call","high","0:01:23","11","20180313_11","S20_20180313",2021-02-03 11:28:30,2021-02-03 11:29:53,426,"No",0
"1805","S20",20180313,"11:36:59","11:38:09","Short Call","high","0:01:10","11","20180313_11","S20_20180313",2021-02-03 11:36:59,2021-02-03 11:38:09,305,"No",0
"18111","S20",20180313,"11:43:14","11:51:33","Short Call","high","0:08:19","11","20180313_11","S20_20180313",2021-02-03 11:43:14,2021-02-03 11:51:33,-186,"No",0
"1825","S20",20180313,"11:48:27","11:49:16","Short Call","high","0:00:49","11","20180313_11","S20_20180313",2021-02-03 11:48:27,2021-02-03 11:49:16,NA,"No",0
"1844","S20",20180315,"7:55:04","7:55:14","Short Call","high","0:00:10","07","20180315_07","S20_20180315",2021-02-03 07:55:04,2021-02-03 07:55:14,1123,"No",0
"1854","S20",20180315,"8:13:57","8:15:25","Short Call","high","0:01:28","08","20180315_08","S20_20180315",2021-02-03 08:13:57,2021-02-03 08:15:25,125,"No",0
"1864","S20",20180315,"8:17:30","8:17:50","Short Call","high","0:00:20","08","20180315_08","S20_20180315",2021-02-03 08:17:30,2021-02-03 08:17:50,139,"No",0
"1874","S20",20180315,"8:20:09","8:21:39","Short Call","high","0:01:30","08","20180315_08","S20_20180315",2021-02-03 08:20:09,2021-02-03 08:21:39,1649,"No",0
"1884","S20",20180315,"8:49:08","8:50:30","Short Call","high","0:01:22","08","20180315_08","S20_20180315",2021-02-03 08:49:08,2021-02-03 08:50:30,895,"No",0
"1894","S20",20180315,"9:05:25","9:06:37","Short Call","high","0:01:12","09","20180315_09","S20_20180315",2021-02-03 09:05:25,2021-02-03 09:06:37,250,"No",0
"1904","S20",20180315,"9:10:47","9:11:43","Short Call","high","0:00:56","09","20180315_09","S20_20180315",2021-02-03 09:10:47,2021-02-03 09:11:43,1027,"No",0
"19110","S20",20180315,"9:28:50","9:29:52","Short Call","high","0:01:02","09","20180315_09","S20_20180315",2021-02-03 09:28:50,2021-02-03 09:29:52,256,"No",0
"1924","S20",20180315,"9:34:08","9:35:08","Short Call","high","0:01:00","09","20180315_09","S20_20180315",2021-02-03 09:34:08,2021-02-03 09:35:08,348,"No",0
"1934","S20",20180315,"9:40:56","9:41:21","Short Call","high","0:00:25","09","20180315_09","S20_20180315",2021-02-03 09:40:56,2021-02-03 09:41:21,556,"No",0
"1944","S20",20180315,"9:50:37","9:52:11","Short Call","high","0:01:34","09","20180315_09","S20_20180315",2021-02-03 09:50:37,2021-02-03 09:52:11,303,"No",0
"1954","S20",20180315,"9:57:14","9:58:13","Short Call","high","0:00:59","09","20180315_09","S20_20180315",2021-02-03 09:57:14,2021-02-03 09:58:13,685,"No",0
"1974","S20",20180315,"10:09:38","10:10:34","Short Call","high","0:00:56","10","20180315_10","S20_20180315",2021-02-03 10:09:38,2021-02-03 10:10:34,767,"No",0
"1984","S20",20180315,"10:23:21","10:24:28","Short Call","high","0:01:07","10","20180315_10","S20_20180315",2021-02-03 10:23:21,2021-02-03 10:24:28,466,"No",0
"1994","S20",20180315,"10:32:14","10:33:17","Short Call","high","0:01:03","10","20180315_10","S20_20180315",2021-02-03 10:32:14,2021-02-03 10:33:17,130,"No",0
"2004","S20",20180315,"10:35:27","10:36:16","Short Call","high","0:00:49","10","20180315_10","S20_20180315",2021-02-03 10:35:27,2021-02-03 10:36:16,418,"No",0
"20110","S20",20180315,"10:43:14","10:44:18","Short Call","high","0:01:04","10","20180315_10","S20_20180315",2021-02-03 10:43:14,2021-02-03 10:44:18,509,"No",0
"2025","S20",20180315,"10:52:47","10:53:25","Short Call","high","0:00:38","10","20180315_10","S20_20180315",2021-02-03 10:52:47,2021-02-03 10:53:25,1499,"No",0
"2034","S20",20180315,"11:18:24","11:19:01","Short Call","high","0:00:37","11","20180315_11","S20_20180315",2021-02-03 11:18:24,2021-02-03 11:19:01,461,"No",0
"2044","S20",20180315,"11:26:42","11:27:40","Short Call","high","0:00:58","11","20180315_11","S20_20180315",2021-02-03 11:26:42,2021-02-03 11:27:40,937,"No",0
"2054","S20",20180315,"11:43:17","11:44:25","Short Call","high","0:01:08","11","20180315_11","S20_20180315",2021-02-03 11:43:17,2021-02-03 11:44:25,296,"No",0
"2064","S20",20180315,"11:49:21","11:50:08","Short Call","high","0:00:47","11","20180315_11","S20_20180315",2021-02-03 11:49:21,2021-02-03 11:50:08,NA,"No",0
"2084","S20",20180317,"10:06:41","10:06:51","Short Call","high","0:00:10","10","20180317_10","S20_20180317",2021-02-03 10:06:41,2021-02-03 10:06:51,1348,"No",0
"2094","S20",20180317,"10:29:19","10:30:52","Short Call","high","0:01:33","10","20180317_10","S20_20180317",2021-02-03 10:29:19,2021-02-03 10:30:52,1293,"No",0
"21011","S20",20180317,"10:52:25","10:52:50","Short Call","high","0:00:25","10","20180317_10","S20_20180317",2021-02-03 10:52:25,2021-02-03 10:52:50,NA,"No",0
